1.926666018862375762e-01 2.073949417658814132e-01 -1.439636295684036116e-01 1.462857304133461656e-01
9.998119623249016596e-01 3.850744110745805693e-01 -7.683035561294819168e-03 -2.979713452866043499e-01
1.794994503864107416e-01 2.232408505168822499e-01 -1.248554718097834720e-01 1.561547881244462754e-01
9.988836594689410875e-01 3.561929509049083231e-01 -1.885340678150701499e-02 -2.853434488103770428e-01
1.681203847113018346e-01 2.399968170775207410e-01 -1.075789246631856794e-01 1.641569012690117513e-01
9.966436494209840458e-01 3.287465937944895611e-01 -3.375878253302164872e-02 -2.693389453339740669e-01
1.583467604235906656e-01 2.574664873937159149e-01 -9.217466655856339230e-02 1.703376997595068554e-01
9.927202532240901878e-01 3.030337554858725246e-01 -5.192085435086016970e-02 -2.506015451732984678e-01
1.499984382261639049e-01 2.754606127723623898e-01 -7.858199761445287812e-02 1.747955493142799854e-01
9.867942662971543877e-01 2.792881833946031511e-01 -7.275397646544039254e-02 -2.298246256921219477e-01
1.429048359176191829e-01 2.938028115372395277e-01 -6.668048696592081270e-02 1.776799943454856201e-01
9.786116087957079657e-01 2.576766136223285208e-01 -9.558037143639804001e-02 -2.077081007224867992e-01
1.369088640074667407e-01 3.123348138283547071e-01 -5.631837394469892816e-02 1.791858615443620018e-01
9.679943988215352624e-01 2.383000521747204448e-01 -1.196465011787939403e-01 -1.849200941018980249e-01
1.318687802203822590e-01 3.309208226773038830e-01 -4.733109330336271459e-02 1.795447601120556957e-01
9.548498427217385620e-01 2.211979033579857257e-01 -1.441439931697726384e-01 -1.620697379472087751e-01
1.276587420238195769e-01 3.494506472179187972e-01 -3.955262722494153754e-02 1.790121192801521210e-01
9.391758712465551051e-01 2.063541896571101930e-01 -1.682398352841988631e-01 -1.396887600776016425e-01
1.241686013064870059e-01 3.678414805577800983e-01 -3.282178469056947628e-02 1.778546838982394129e-01
9.210620632298319732e-01 1.937053545308718150e-01 -1.911194702601537454e-01 -1.182162961306520987e-01
1.213032991374755065e-01 3.860382761877544366e-01 -2.698517704892896066e-02 1.763368794825229957e-01
9.006844249756605914e-01 1.831489830673896368e-01 -2.120412794052543293e-01 -9.799373871498724686e-02
1.189820853559591385e-01 4.040128364365461189e-01 -2.189850104375445916e-02 1.747094034628323411e-01
8.782932101183780205e-01 1.745529592484802162e-01 -2.303957346815044271e-01 -7.926491690674979107e-02
1.171377021132840035e-01 4.217617898516889952e-01 -1.742633120270509206e-02 1.731986485007293852e-01
8.541941518388570520e-01 1.677647228676040769e-01 -2.457584230309654283e-01 -6.217739651736183676e-02
1.157156145940568398e-01 4.393037114972104251e-01 -1.344140960861384126e-02 1.719997203431661292e-01
8.287250026014045812e-01 1.626199943551838167e-01 -2.579233687449259960e-01 -4.679461408062709354e-02
1.146733320876459211e-01 4.566755895667092835e-01 -9.823576992371943831e-03 1.712705268464934927e-01
8.022304903564017042e-01 1.589507928757278865e-01 -2.669068862997762692e-01 -3.310444155491901880e-02
1.139798546188660194e-01 4.739288652974218974e-01 -6.458155351353004996e-03 1.711280433325015060e-01
7.750392290814863694e-01 1.565922733581070758e-01 -2.729209261307282142e-01 -2.103489818092163510e-02
1.136152456788931120e-01 4.911251858341735277e-01 -3.234881228627214163e-03 1.716461894077370154e-01
7.474455541174810369e-01 1.553882675209765085e-01 -2.763229912360516960e-01 -1.046810951810250856e-02
1.135703495270216912e-01 5.083320015376111556e-01 -4.624325575242060893e-05 1.728544857353131459e-01
7.196980335815167384e-01 1.551954125242761828e-01 -2.775533534613479625e-01 -1.254769717527285614e-03
1.138466534067976432e-01 5.256180716905218819e-01 3.214059538190575886e-03 1.747374375882006781e-01
6.919948539495622830e-01 1.558859403355962459e-01 -2.770747695330736948e-01 6.773433839276273190e-03
1.144562909758412850e-01 5.430489227288900489e-01 6.652380487905580793e-03 1.772339397014544016e-01
6.644850929417515095e-01 1.573493064038774258e-01 -2.753229514246742782e-01 1.379365464441543489e-02
1.154221884769723316e-01 5.606823129843402365e-01 1.037655587265059152e-02 1.802378955736982924e-01
6.372742176035690598e-01 1.594928800894448162e-01 -2.726733137973132437e-01 1.998415979573286982e-02
1.167783487360206512e-01 5.785637703106250029e-01 1.449727963139431884e-02 1.835991196968052852e-01
6.104320075507232435e-01 1.622419943613779836e-01 -2.694240221270960411e-01 2.552047231064539720e-02
1.185702679168248730e-01 5.967222741333887415e-01 1.912934357098383664e-02 1.871250332353737444e-01
5.840013829961419045e-01 1.655395684661850053e-01 -2.657910417545409909e-01 3.057189714578134598e-02
1.208554666445113973e-01 6.151662396399429911e-01 2.439249863090779333e-02 1.905846388813164927e-01
5.580069806983145586e-01 1.693455729206365945e-01 -2.619139384459993614e-01 3.530233297702189965e-02
1.237041275833032639e-01 6.338799985332170817e-01 3.041257871753966224e-02 1.937143349935397663e-01
5.324628219433701348e-01 1.736364894699990169e-01 -2.578652786300317246e-01 3.987105394685312026e-02
1.271997960775410053e-01 6.528210198548696219e-01 3.732165206454344381e-02 1.962263678206612461e-01
5.073787369570912364e-01 1.784048924258227198e-01 -2.536628422219096568e-01 4.443430890246902187e-02
1.314401009338116988e-01 6.719181379761431927e-01 4.525801703715581770e-02 1.978200481148745249e-01
4.827654787297585015e-01 1.836592512845371117e-01 -2.492815437705556969e-01 4.914871246907333985e-02
1.365374063442703900e-01 6.910710762353817760e-01 5.436496883400032676e-02 1.981961918525593225e-01
4.586386280246139702e-01 1.894240050734487257e-01 -2.446639738723499491e-01 5.417407899245089281e-02
1.426192439375195686e-01 7.101514637135835084e-01 6.478784134814526141e-02 1.970727564083498418e-01
4.350214551617613834e-01 1.957398431162272190e-01 -2.397291659639773920e-01 5.967503230684215870e-02
1.498283160951257853e-01 7.290054467815916261e-01 7.666892907637797017e-02 1.942018414274881977e-01
4.119469379649421947e-01 2.026642029254312471e-01 -2.343792647787242556e-01 6.582317213279138823e-02
1.583216978564214172e-01 7.474578532721977142e-01 9.013795496693825793e-02 1.893854763597204449e-01
3.894591004249171595e-01 2.102718240325226751e-01 -2.285050323067490952e-01 7.279682420063826598e-02
1.682687357515069426e-01 7.653176521288321821e-01 1.052975671968214844e-01 1.824876838818952629e-01
3.676138086828843465e-01 2.186551849789639401e-01 -2.219904740030642643e-01 8.077873708013198761e-02
1.798468906018107494e-01 7.823843418069178490e-01 1.222005333104125846e-01 1.734440168779660674e-01
3.464791055862129765e-01 2.279245952439853951e-01 -2.147165232627146203e-01 8.995170135255488308e-02
1.932345564330274212e-01 7.984547331281824922e-01 1.408174230705291075e-01 1.622635950419374640e-01
3.261350800650378301e-01 2.382075361288545912e-01 -2.065660158536800906e-01 1.004886945795794712e-01
2.085996925690798975e-01 8.133295997156073653e-01 1.609927702076833500e-01 1.490273004861597528e-01
3.066732773894791375e-01 2.496469074484115314e-01 -1.974279794289083567e-01 1.125408671392991167e-01
2.260831244111638216e-01 8.268197056569224213e-01 1.823916415966594096e-01 1.338794868357510437e-01
2.881955630697189963e-01 2.623975716536151581e-01 -1.872044515342785598e-01 1.262180897703783222e-01
2.457758433796960740e-01 8.387508947615880395e-01 2.044421204943266124e-01 1.170180094397140352e-01
2.708124652124187515e-01 2.766206890907892957e-01 -1.758153768463092403e-01 1.415655037258212179e-01
2.676909389724204114e-01 8.489680260625753760e-01 2.262901348087006104e-01 9.868106469583988460e-02
2.546409199515602961e-01 2.924751890367908724e-01 -1.632063715330719089e-01 1.585333505767690665e-01
2.917331148612455349e-01 8.573377441437357582e-01 2.467903987615297778e-01 7.913399179224993307e-02
2.398016199026229145e-01 3.101059429794005839e-01 -1.493515656911248435e-01 1.769433855362360364e-01
3.176720187785577187e-01 8.637500999247315070e-01 2.645670484057356941e-01 5.865482654900574383e-02
2.264159957410463164e-01 3.296283931628661290e-01 -1.342587960737051667e-01 1.964549151597013432e-01
3.451285589918725583e-01 8.681190750227233410e-01 2.781675523995848498e-01 3.752020007417403852e-02
2.146031859579169421e-01 3.511099506990074670e-01 -1.179676798607198762e-01 2.165340941689963827e-01
3.735840171336252680e-01 8.703820316599053530e-01 2.863066074013098650e-01 1.599071966969696848e-02
2.044771376466044677e-01 3.745493451324980461e-01 -1.005487129714562472e-01 2.364397217735625389e-01
4.024176096284898807e-01 8.704980592739843814e-01 2.881460495438951663e-01 -5.703763942636423494e-03
1.961441181344540652e-01 3.998561548666809684e-01 -8.209731425928845638e-02 2.552316765112398467e-01
4.309692089162995843e-01 8.684452641857297595e-01 2.835155507157720023e-01 -2.737625532979922130e-02
1.897006826146468705e-01 4.268340488372450170e-01 -6.272856348012630090e-02 2.718176502977676101e-01
4.586136877087234054e-01 8.642172107908062673e-01 2.729790409226421910e-01 -4.889027371487997264e-02
1.852320466725811410e-01 4.551720530052516533e-01 -4.257272385778850671e-02 2.850439728072085011e-01
4.848279005266835084e-01 8.578189896867464137e-01 2.577120213712961738e-01 -7.015939926709642560e-02
1.828107028614209262e-01 4.844481565433758630e-01 -2.177121714158625210e-02 2.938250664325884887e-01
5.092342319949841878e-01 8.492635803324352084e-01 2.392385587991300577e-01 -9.113899401373230791e-02
1.824948773671338509e-01 5.141480514021705694e-01 -4.788780390748333398e-04 2.972990798266739176e-01
5.316141680917600976e-01 8.385693603218504766e-01 2.191307792639522189e-01 -1.118081771125933876e-01
1.843265733368608938e-01 5.436986298783272886e-01 2.113297484692318665e-02 2.949682447577391398e-01
5.518954748108504393e-01 8.257594426276680943e-01 1.987656180699644837e-01 -1.321473231790289693e-01
1.883289064513836153e-01 5.725122324646786387e-01 4.286958026298674090e-02 2.867955995374445455e-01
5.701225300020588138e-01 8.108634313687838047e-01 1.791848534595426867e-01 -1.521088565231235867e-01
1.945027185644299106e-01 6.000341534783909525e-01 6.450607552740035555e-02 2.732180521408666962e-01
5.864200233390176598e-01 7.939216958697765669e-01 1.610539384425124787e-01 -1.715924081470421303e-01
2.028227270278604166e-01 6.257851306910076072e-01 8.578447408906046678e-02 2.550808442710235657e-01
6.009576062009566177e-01 7.749920708365942712e-01 1.446888189665188895e-01 -1.904194902556388680e-01
2.132337314348138890e-01 6.493918066842829795e-01 1.064146577245406178e-01 2.335024735580781829e-01
6.139195757912998541e-01 7.541583689687259007e-01 1.301152452263624471e-01 -2.083188664775877663e-01
2.256477139235991414e-01 6.706018446096941865e-01 1.260848127756138692e-01 2.097171661076072946e-01
6.254809856885088504e-01 7.315399281860415215e-01 1.171374045400019881e-01 -2.249187236065079143e-01
2.399427363562149085e-01 6.892840735538739994e-01 1.444789715990268952e-01 1.849274854567872772e-01
6.357899840540882641e-01 7.073009518968191855e-01 1.054019568245504884e-01 -2.397537785340612404e-01
2.559644880083932206e-01 7.054169288967097051e-01 1.613030350909131772e-01 1.601929212289669169e-01
6.449556636359520256e-01 6.816582057446299858e-01 9.445501363581725041e-02 -2.522862142332234492e-01
2.735309134601470182e-01 7.190697106074365186e-01 1.763125299578116589e-01 1.363677005021083632e-01
6.530407015212317257e-01 6.548855736291483431e-01 8.379281301804097914e-02 -2.619420886434501994e-01
2.924398036754446983e-01 7.303809478611068551e-01 1.893388294945304862e-01 1.140818442629809581e-01
6.600583400456853100e-01 6.273139643142773281e-01 7.290790594166596250e-02 -2.681624325061304770e-01
3.124785758430361216e-01 7.395370777647348737e-01 2.003069586517525202e-01 9.375048832619785333e-02
6.659735684188077265e-01 5.993258073026077604e-01 6.133442141675882198e-02 -2.704596679057221231e-01
3.334349311278124728e-01 7.467534733504029854e-01 2.092401843572141151e-01 7.560352752409664479e-02
6.707085021874296116e-01 5.713439219300779914e-01 4.869123941426504315e-02 -2.684746772084467548e-01
3.551069150260169893e-01 7.522587718288377134e-01 2.162516865300556645e-01 5.972182819807825283e-02
6.741519351304674501e-01 5.438155599498555315e-01 3.472210751559456909e-02 -2.620227373082799072e-01
3.773111123912686882e-01 7.562826600474161776e-01 2.215256522525299587e-01 4.607363777766234486e-02
6.761728288756675420e-01 5.171932104239295169e-01 1.932977861685928819e-02 -2.511233431421363016e-01
3.998881508826644393e-01 7.590468649209186625e-01 2.252916631653723023e-01 3.454727072009037420e-02
6.766370974516529024e-01 4.919143849663324963e-01 2.599742493040550165e-03 -2.360034672780712273e-01
4.227052785168977089e-01 7.607588297449879855e-01 2.277979785590226458e-01 2.497647544572970807e-02
6.754266289711677862e-01 4.683823855675948722e-01 -1.518876581683518447e-02 -2.170825203993513031e-01
4.456563150810824436e-01 7.616075758419454944e-01 2.292886273971839195e-01 1.716201895411254702e-02
6.724588116080072453e-01 4.469499095468679184e-01 -3.357293095612723377e-02 -1.949370983152694803e-01
4.686596013653848702e-01 7.617611951627396571e-01 2.299870387629613655e-01 1.088587695217505848e-02
6.677045720146802532e-01 4.279064761905323477e-01 -5.193343372705827576e-02 -1.702580327347935629e-01
4.916546603835388884e-01 7.613655598424591275e-01 2.300857323463597337e-01 5.922769425366810822e-03
6.612024456629911340e-01 4.114702727769600221e-01 -6.954641031814423613e-02 -1.437997272137521987e-01
5.145982460668392378e-01 7.605438847284570203e-01 2.297414651667809837e-01 2.046578457629935968e-03
6.530663790046352668e-01 3.977842394782917790e-01 -8.565290469016624553e-02 -1.163337124132635125e-01
5.374603352377652632e-01 7.593968789125514762e-01 2.290759819265075770e-01 -9.642992584990572880e-04
6.434854842989139456e-01 3.869160464500599472e-01 -9.953932476649181293e-02 -8.860939291107279570e-02
5.602204064038257547e-01 7.580032498780973071e-01 2.281789889604923793e-01 -3.324816688169788051e-03
6.327150105061055685e-01 3.788616725065074853e-01 -1.106199482153735758e-01 -6.131543244895325262e-02
5.828641611669069800e-01 7.564204355797764512e-01 2.271114236812588061e-01 -5.241668310044614656e-03
6.210594460436178466e-01 3.735519740823398105e-01 -1.185022395188325001e-01 -3.505249967829711377e-02
6.053807690428141264e-01 7.546854046093183221e-01 2.259102325115799059e-01 -6.913864776988040348e-03
6.088501688649428090e-01 3.708617738424506705e-01 -1.230260128978755141e-01 -1.031334265905181624e-02
6.277605316759449217e-01 7.528155037181311071e-01 2.245906381935040275e-01 -8.531810107940499335e-03
5.964212229664217491e-01 3.706207649657639047e-01 -1.242647754996310389e-01 1.253020505178244724e-02
6.499928943845180163e-01 7.508091758739336985e-01 2.231485469877947381e-01 -1.028026273830473514e-02
5.840870238239433965e-01 3.726254227151118426e-01 -1.224936453196138614e-01 3.322822163948080387e-02
6.720646053957062271e-01 7.486465886452536855e-01 2.215600946274080274e-01 -1.233903372532818565e-02
5.721250310526868610e-01 3.766510619606179833e-01 -1.181319877358958798e-01 5.164811351053103655e-02
6.939579290725921279e-01 7.462901176497198641e-01 2.197814887236471115e-01 -1.488466393427071745e-02
5.607651035749994239e-01 3.824631384537917622e-01 -1.116752456735888438e-01 6.776086120448739092e-02
7.156487248315464011e-01 7.436846981169382698e-01 2.177457720219563020e-01 -1.809157613996692504e-02
5.501856724306163349e-01 3.898269995608510952e-01 -1.036306974538936387e-01 8.161929377960748522e-02
7.371043732852851083e-01 7.407580757663410065e-01 2.153615998127615117e-01 -2.213295753154357476e-02
5.405157103969028265e-01 3.985157002987352315e-01 -9.446624063778423508e-02 9.333921281949135451e-02
7.582814688032716299e-01 7.374210471944100398e-01 2.125098933653905287e-01 -2.718038208856151175e-02
5.318408103167417966e-01 4.083154854327510908e-01 -8.457682382454849435e-02 1.030736525714504026e-01
7.791233914991224641e-01 7.335678159272490673e-01 2.090435415093757354e-01 -3.340089533195497035e-02
5.242115564854503695e-01 4.190290363704147758e-01 -7.426909704362956444e-02 1.109926938853515316e-01
7.995579255171464395e-01 7.290766223149260927e-01 2.047894062338443677e-01 -4.095391358214609673e-02
5.176526606279403531e-01 4.304765647843293297e-01 -6.375857179950299158e-02 1.172633590345214111e-01
8.194951956397165116e-01 7.238108651749345368e-01 1.995530640082806284e-01 -4.998406531962299587e-02
5.121716774389866167e-01 4.424951418585119645e-01 -5.317842650953696904e-02 1.220352427467689543e-01
8.388263292984068364e-01 7.176209635980413948e-01 1.931293697488937477e-01 -6.061273979720190747e-02
5.077665821503888344e-01 4.549364742518720583e-01 -4.259280816700424660e-02 1.254263521308085494e-01
8.574233120738978808e-01 7.103471863634617245e-01 1.853177346392934910e-01 -7.292617638006888836e-02
5.044317678559461227e-01 4.676636596583672034e-01 -3.201431114883505208e-02 1.275178305425635761e-01
8.751405306685545726e-01 7.018237896128585174e-01 1.759427144624551576e-01 -8.696046900856051198e-02
5.021623210189513076e-01 4.805470456170078397e-01 -2.142141875919693558e-02 1.283439767056175074e-01
8.918183873953432483e-01 6.918845373047484149e-01 1.648781695294069538e-01 -1.026879082668963328e-01
5.009564649013884541e-01 4.934596921290616001e-01 -1.077720706427198749e-02 1.278931318534256290e-01
9.072892912686725264e-01 6.803698038849795848e-01 1.520740255805952401e-01 -1.200000881671862557e-01
5.008162426745030871e-01 5.062726723967028164e-01 -4.683338207985461587e-05 1.261074759039323145e-01
9.213859047477853670e-01 6.671351637876008489e-01 1.375791347813885290e-01 -1.386940143866902952e-01
5.017464488588628813e-01 5.188504690541994036e-01 1.078557008288294483e-02 1.228859070473431458e-01
9.339513545360952351e-01 6.520611827847688780e-01 1.215602523085834719e-01 -1.584622339919257994e-01
5.037518672529408548e-01 5.310467927353405004e-01 2.170032347333557612e-02 1.180901341805521837e-01
9.448506568699678310e-01 6.350638772948784538e-01 1.043102819444271107e-01 -1.788892800465754218e-01
5.068328943793666275e-01 5.427011438626666573e-01 3.262684459640988882e-02 1.115548659997670916e-01
9.539823945410912387e-01 6.161050286044346125e-01 8.624449142809649527e-02 -1.994582587358517678e-01
5.109797052639726278e-01 5.536364237630670981e-01 4.343076994104781013e-02 1.031008943381632043e-01
9.612896364800581628e-01 5.952013640189735000e-01 6.788548512446739014e-02 -2.195674536908942542e-01
5.161652256305466757e-01 5.636579298774895275e-01 5.390403457391131775e-02 9.254983023704310696e-02
9.667690107432009849e-01 5.724314534406997890e-01 4.983602410029338431e-02 -2.385565874112038909e-01
5.223373790335024136e-01 5.725540859279087957e-01 6.376088119292022682e-02 7.974584590360785097e-02
9.704771115723704877e-01 5.479392282557228322e-01 3.274314151526421662e-02 -2.557468785438961612e-01
5.294113498238912641e-01 5.800991532509147675e-01 7.264212447769906322e-02 6.457470254582024782e-02
9.725336733811832390e-01 5.219332147361314123e-01 1.725937658417220355e-02 -2.704872022890603134e-01
5.372628748324564940e-01 5.860580739454703814e-01 8.013053461967493962e-02 4.698615329682779423e-02
9.731212197178822354e-01 4.946811279798745686e-01 4.002326544257546644e-03 -2.822009021324900502e-01
5.457239025898142915e-01 5.901935189887642652e-01 8.578067811857807701e-02 2.701522817024256534e-02
9.724812280518249086e-01 4.665000118004348773e-01 -6.481492705971240824e-03 -2.904283380456007535e-01
5.545819596971938159e-01 5.922749024855112898e-01 8.916009385887917194e-02 4.798659992514645381e-03
9.709071236749455824e-01 4.377426225490252398e-01 -1.374626417555147029e-02 -2.948637127323424090e-01
5.635844609675695338e-01 5.920889891733934762e-01 8.990270231277557034e-02 -1.941332916412704182e-02
9.687346713635565099e-01 4.087813445063052664e-01 -1.746702330574871273e-02 -2.953761661835437313e-01
5.724484991139348056e-01 5.894514430852028086e-01 8.776189783001504818e-02 -4.525430980645284151e-02
9.663304985853801155e-01 3.799914640357331397e-01 -1.744996167412730600e-02 -2.920082252562405944e-01
5.808757615986546163e-01 5.842185703710649491e-01 8.265755769426563759e-02 -7.224579366693628657e-02
9.640796032206648825e-01 3.517351532025201344e-01 -1.363269133460483749e-02 -2.849657114821259607e-01
5.885709486221852860e-01 5.762983521063237413e-01 7.470068459173677400e-02 -9.981173489566803891e-02
9.623726559890279919e-01 3.243475621957636612e-01 -6.076214163474683363e-03 -2.745919699599641550e-01
5.952610897927502753e-01 5.656600014978413471e-01 6.418961204004054732e-02 -1.272977819081570205e-01
9.615937582209835854e-01 2.981259278510365873e-01 5.048012460008114224e-03 -2.613331332770227333e-01
6.007127270265242291e-01 5.523412796544409087e-01 5.157547123407768552e-02 -1.539985448907136567e-01
9.621090806360007575e-01 2.733219475754817274e-01 1.947331945370035788e-02 -2.457033180073396883e-01
6.047441367378485477e-01 5.364530863361572921e-01 3.740253765501429933e-02 -1.791838534724125298e-01
9.642565124619034700e-01 2.501374307167371080e-01 3.685179295704818503e-02 -2.282491637766818349e-01
6.072307717906350044e-01 5.181807774253693877e-01 2.223380579646772048e-02 -2.021317725512764840e-01
9.683361934476981681e-01 2.287227434377571700e-01 5.676482226138248460e-02 -2.095219949711212559e-01
6.081034962031639513e-01 4.977820056158755446e-01 6.580621147537583752e-03 -2.221594988550494032e-01
9.746016654639290122e-01 2.091776675365281390e-01 7.872950202475932635e-02 -1.900494366307431404e-01
6.073404075782941058e-01 4.755807413287098107e-01 -9.155178562018454272e-03 -2.386560995585688405e-01
9.832514122309771176e-01 1.915540174972636678e-01 1.022020238878688508e-01 -1.703223833273564969e-01
6.049540066209526668e-01 4.519573846709459275e-01 -2.471818346070723746e-02 -2.511195180017004591e-01
9.944208215172360976e-01 1.758597313299786469e-01 1.265814744937319436e-01 -1.507759748581305459e-01
6.009759949581691130e-01 4.273352863821757164e-01 -4.000980063229020445e-02 -2.591843290937941302e-01
1.008175030591447197e+00 1.620637474320052174e-01 1.512178899309527813e-01 -1.317873623192985233e-01
5.954418920573454344e-01 4.021642424726749598e-01 -5.507790702223106655e-02 -2.626501598712582819e-01
1.024503664541483117e+00 1.501017657437668518e-01 1.754303789770761401e-01 -1.136639131918646822e-01
5.883774651464742655e-01 3.769024207551605610e-01 -7.008809477931920995e-02 -2.614918561312980505e-01
1.043318886089080078e+00 1.398822862926040744e-01 1.985377728215091120e-01 -9.664574708347546672e-02
5.797885302283853903e-01 3.519983562128615739e-01 -8.528188615945324347e-02 -2.558555274774961252e-01
1.064458284013943823e+00 1.312929206751443367e-01 2.199026169034714318e-01 -8.090338067014146706e-02
5.696552160281407318e-01 3.278749632692825600e-01 -1.009280230524859795e-01 -2.460370063968320142e-01
1.087693636218690640e+00 1.242066532076818997e-01 2.389820529790735171e-01 -6.654263580777031173e-02
5.579314999540420095e-01 3.049172353826884452e-01 -1.172677247032275910e-01 -2.324446205989131597e-01
1.112745603941115213e+00 1.184879381085867656e-01 2.553769696198027184e-01 -5.360754995233548564e-02
5.445504924504183109e-01 2.834646984507538381e-01 -1.344590030658935620e-01 -2.155522196613709196e-01
1.139303074338293476e+00 1.139982822752247243e-01 2.688672724922754331e-01 -4.208975448149095827e-02
5.294358054480777787e-01 2.638086862510671260e-01 -1.525186546456428760e-01 -1.958550115953768544e-01
1.167044675039062840e+00 1.106012263072191498e-01 2.794235626271217021e-01 -3.193545178303835996e-02
5.125190212242889398e-01 2.461939671387496642e-01 -1.712666449782870026e-01 -1.738297068498243780e-01
1.195659427543787734e+00 1.081664995914942834e-01 2.871922433038872069e-01 -2.305558569869655197e-02
4.937627720721774471e-01 2.308233274321233874e-01 -1.902774708478308929e-01 -1.499090185319573720e-01
1.224863748150721410e+00 1.065732728093352899e-01 2.924572979739100131e-01 -1.533569480664335495e-02
4.731878435988040033e-01 2.178636393138979055e-01 -2.088516232653473692e-01 -1.244703004647333272e-01
1.254413004570871903e+00 1.057125082399048566e-01 2.955900078466707215e-01 -8.644103197119612503e-03
4.509010766041778306e-01 2.074518371526339056e-01 -2.260232176178045282e-01 -9.783867107685899345e-02
1.284107052404979132e+00 1.054884519063489234e-01 2.969950532010397493e-01 -2.840665598580205398e-03
4.271186748630028118e-01 1.996995117718343149e-01 -2.406266373482235377e-01 -7.030027239160463459e-02
1.313790354500268043e+00 1.058194295996916501e-01 2.970654023592515514e-01 2.218172372632961405e-03
4.021778930206701408e-01 1.946952082114046245e-01 -2.514328678454580412e-01 -4.212263733765116841e-02
1.343347973118476313e+00 1.066381067424648638e-01 2.961488271904788583e-01 6.675054713828343367e-03
3.765301871175840143e-01 1.925040589575837680e-01 -2.573491005239865737e-01 -1.357682806226353026e-02
1.372698972376579452e+00 1.078914147925731093e-01 2.945288337802276502e-01 1.067011265222979864e-02
3.507122244819718682e-01 1.931649209724351779e-01 -2.576390164416482720e-01 1.504402251846966368e-02
1.401788644876561740e+00 1.095402888538489355e-01 2.924173250126264612e-01 1.433972584193495513e-02
3.252975743911791229e-01 1.966857420528065892e-01 -2.520951646242201583e-01 4.341360416530252314e-02
1.430580633718814276e+00 1.115594098722919869e-01 2.899559743060424188e-01 1.781792945479421242e-02
3.008388890685826378e-01 2.030381296075263742e-01 -2.410994178574099589e-01 7.116829682518588385e-02
1.459049656939112483e+00 1.139370686772032404e-01 2.872229940276138649e-01 2.123848842165247316e-02
2.778143873792108809e-01 2.121523125534705290e-01 -2.255417106087712897e-01 9.791317515222182355e-02
1.487175194872987438e+00 1.166752376139021802e-01 2.842421874330036680e-01 2.473734443791027540e-02
2.565906651205035471e-01 2.239133985011132477e-01 -2.066314713280540671e-01 1.232336026731062351e-01
1.514936257877920855e+00 1.197899404650367844e-01 2.809924017667386753e-01 2.845613138643028964e-02
2.374074680214880162e-01 2.381595688342799666e-01 -1.856711696901954534e-01 1.467111227307823229e-01
1.542307175278402775e+00 1.233119432388087577e-01 2.774159290457507976e-01 3.254523425177032608e-02
2.203827273820750388e-01 2.546826003242650960e-01 -1.638634256409532419e-01 1.679427288174550892e-01
1.569254306072787930e+00 1.272878019627697033e-01 2.734261411533230324e-01 3.716765372210883989e-02
2.055313088528154253e-01 2.732309330728959762e-01 -1.421915618119810321e-01 1.865616075825970999e-01
1.595733512291205747e+00 1.317812282813867752e-01 2.689130648355723685e-01 4.250119760527507756e-02
1.927898435232429653e-01 2.935155384440207849e-01 -1.213766495818113800e-01 2.022624638065480818e-01
1.621688335720118168e+00 1.368747647679572355e-01 2.637498657369803934e-01 4.874219190302101629e-02
1.820415767191997380e-01 3.152185904851042553e-01 -1.018904578486967694e-01 2.148259456516884158e-01
1.647048807234702039e+00 1.426716110073251997e-01 2.577977687110803440e-01 5.610481674499697563e-02
1.731376973561660482e-01 3.380047185570164703e-01 -8.399811641963499109e-02 2.241410798665965931e-01
1.671730994324016395e+00 1.492975148964238719e-01 2.509143321472821486e-01 6.482156853527636098e-02
1.659138493507980872e-01 3.615341741536349240e-01 -6.780922626528629316e-02 2.302215945879556303e-01
1.695637353721396900e+00 1.569024418217741801e-01 2.429614881366282120e-01 7.513877622646510102e-02
1.602019258610206942e-01 3.854768152197727837e-01 -5.332527320406343918e-02 2.332111259465326769e-01
1.718658064966565924e+00 1.656618119308523596e-01 2.338167461105045142e-01 8.731238171239923129e-02
1.558379886177975737e-01 4.095254555095163562e-01 -4.047677343877823658e-02 2.333732749988196853e-01
1.740673458857631806e+00 1.757767075909086318e-01 2.233855472151084209e-01 1.015934975844475369e-01
1.526672532312516872e-01 4.334072859767945096e-01 -2.915140258352710845e-02 2.310721409065167598e-01
1.761557535227783688e+00 1.874726460977239606e-01 2.116130787486088793e-01 1.182137319422071897e-01
1.505470667382430294e-01 4.568922451704676146e-01 -1.921189915372415943e-02 2.267409275567381644e-01
1.781182415558107968e+00 2.009960401535491881e-01 1.984940955132112050e-01 1.373605480909737830e-01
1.493485540473570294e-01 4.797977570032719297e-01 -1.050869882663711154e-02 2.208463590313199665e-01
1.799423389792144334e+00 2.166074341746055676e-01 1.840787366251539492e-01 1.591412348046772340e-01
1.489574518973278139e-01 5.019898911499571792e-01 -2.886642398493751479e-03 2.138560980929441746e-01
1.816163986540126452e+00 2.345703988340214208e-01 1.684715581126242923e-01 1.835411412287139277e-01
1.492744691371308274e-01 5.233813525407104983e-01 3.810896636452509867e-03 2.062092653611069526e-01
1.831300437287989080e+00 2.551347964612056263e-01 1.518235843896616755e-01 2.103638953888468388e-01
1.502153757862236261e-01 5.439270753055148733e-01 9.739705572146354143e-03 1.982958413807717202e-01
1.844744917009372154e+00 2.785134849153902969e-01 1.343177843266448457e-01 2.391665647714924514e-01
1.517109546871376058e-01 5.636182558739685211e-01 1.505364948146958870e-02 1.904430867513453307e-01
1.856427105318274373e+00 3.048521310448060739e-01 1.161501738273136991e-01 2.691997777609644871e-01
1.537068960180420496e-01 5.824756350739633826e-01 1.990446053523146561e-02 1.829111934831262332e-01
1.866293933138883476e+00 3.341932312667466598e-01 9.751057167735795173e-02 2.993491247590962523e-01
1.561636705130231562e-01 6.005426019761490597e-01 2.444161234400425362e-02 1.758918829064768652e-01
1.874307637983357866e+00 3.664379912969712993e-01 7.856448190970977130e-02 3.281296966200127341e-01
1.590564110221618088e-01 6.178785971217441997e-01 2.881253389463063821e-02 1.695130726515892139e-01
1.880442606240032122e+00 4.013132039072272450e-01 5.944159868371638039e-02 3.537564317787160184e-01
1.623748289003196510e-01 6.345530340968549288e-01 3.316320937134242808e-02 1.638439399720877654e-01
1.884681629303936568e+00 4.383524466088328797e-01 4.023067001410196575e-02 3.742967137320326043e-01
1.661231698561713432e-01 6.506398818216049262e-01 3.763846110708494314e-02 1.589021246673159304e-01
1.887012275938389161e+00 4.769027224109044782e-01 2.098152729682056794e-02 3.879480102962629129e-01
1.703202306203530081e-01 6.662128852425729386e-01 4.238282997534129765e-02 1.546595016539929202e-01
1.887424048736771054e+00 5.161630738390519113e-01 1.714361469914068127e-03 3.933573298140387586e-01
1.749994459431888638e-01 6.813413952871324453e-01 4.754114252327838047e-02 1.510483897520139285e-01
1.885906786757231668e+00 5.552536383220767480e-01 -1.756722145992058517e-02 3.899061363834647742e-01
1.802090455272167824e-01 6.960867556502363662e-01 5.325930150316034867e-02 1.479668709190862241e-01
1.882450588005037506e+00 5.933031819898039183e-01 -3.686045608325416723e-02 3.778670672622182480e-01
1.860122680573706444e-01 7.104991597915887303e-01 5.968461145045474842e-02 1.452833398301924539e-01
1.877047265602681758e+00 6.295356706712528227e-01 -5.614820081679498115e-02 3.583545683030301965e-01
1.924876013968210287e-01 7.246149409613567016e-01 6.696583379252792068e-02 1.428407543340587393e-01
1.869693129198898962e+00 6.633363875074687055e-01 -7.538670992665585935e-02 3.330915395310940497e-01
1.997289776256797045e-01 7.384542732097889584e-01 7.525216044861522680e-02 1.404608450279731802e-01
1.860392776300208162e+00 6.942860702103120785e-01 -9.449611336591796917e-02 3.040747906200384487e-01
2.078458116690558855e-01 7.520193138183715043e-01 8.469118136765947658e-02 1.379492182094118335e-01
1.849163389338735808e+00 7.221623682490292406e-01 -1.133568191905946348e-01 2.732575723323841799e-01
2.169626954738074764e-01 7.652927576128691900e-01 9.542431145606600218e-02 1.350990555554903993e-01
1.836038936533864963e+00 7.469164420931968529e-01 -1.318117372264837606e-01 2.423159706510987499e-01
2.272184581052933416e-01 7.782369244634034233e-01 1.075790373675916678e-01 1.316977573182174510e-01
1.821073612152320331e+00 7.686360901917369537e-01 -1.496744426477773227e-01 2.125362165752061328e-01
2.387641734282885952e-01 7.907933806511441288e-01 1.212566983627150208e-01 1.275325246710007354e-01
1.804343836096250264e+00 7.875054021644416480e-01 -1.667432190308182349e-01 1.847957669422195526e-01
2.517595265657303627e-01 8.028831609157480731e-01 1.365136939301033470e-01 1.223972418377729660e-01
1.785948267003511170e+00 8.037679105279753600e-01 -1.828204620376213396e-01 1.596077668491550361e-01
2.663667454868856588e-01 8.144076341369446137e-01 1.533345460984214537e-01 1.160998745718122560e-01
1.766005633821581045e+00 8.176966951685302742e-01 -1.977318287577078948e-01 1.372002411045384618e-01
2.827411289540448514e-01 8.252500330463101719e-01 1.715952836420231442e-01 1.084695692455765331e-01
1.744650502380784785e+00 8.295718163302570058e-01 -2.113444831075098895e-01 1.175868486943491414e-01
3.010170988945875536e-01 8.352776640109834672e-01 1.910165208703999140e-01 9.936513817310199670e-02
1.722027526225877958e+00 8.396648873893037823e-01 -2.235798926888502847e-01 1.006426309270447295e-01
3.212889483810247304e-01 8.443447772914880467e-01 2.111110749882886550e-01 8.868210289262694335e-02
1.698284978245995225e+00 8.482291243401102188e-01 -2.344183688574955904e-01 8.615471689653782239e-02
3.435861215434765636e-01 8.522961004492538573e-01 2.311336039437228429e-01 7.636022876974142559e-02
1.673568421344389545e+00 8.554936843315464889e-01 -2.438969315329830856e-01 7.386454820360044415e-02
3.678444923698037661e-01 8.589709633142016409e-01 2.500523936741401720e-01 6.238950391729281009e-02
1.648015252479368309e+00 8.616610289255088873e-01 -2.521006275598795532e-01 6.349599884191332866e-02
3.938775933029573517e-01 8.642079450444761779e-01 2.665688400640964240e-01 4.681437575093649883e-02
1.621750624903478322e+00 8.669063645268215712e-01 -2.591495639308235011e-01 5.477406737781446294e-02
4.213549074574042819e-01 8.678498159122289834e-01 2.792160336238802554e-01 2.973387957493541303e-02
1.594884921828145785e+00 8.713783587085575100e-01 -2.651855316414264419e-01 4.743550339562455781e-02
4.497966242328945152e-01 8.697485015120896001e-01 2.865520223096125751e-01 1.129794244848307191e-02
1.567512725404740515e+00 8.752007032418360755e-01 -2.703585494553036317e-01 4.123639872506227461e-02
4.785936788959712085e-01 8.697695430660055127e-01 2.874298352083711205e-01 -8.304154833678929065e-03
1.539713049670473621e+00 8.784739971347742538e-01 -2.748158263593536432e-01 3.595291200632807355e-02
5.070564487750506277e-01 8.677954995852719122e-01 2.812761783684928907e-01 -2.886130729777095991e-02
1.511550544542189067e+00 8.812777714717811017e-01 -2.786930906178523570e-01 3.138210412830429868e-02
5.344858903088440805e-01 8.637277720395306613e-01 2.682775506988865910e-01 -5.016143437193883864e-02
1.483077432020192710e+00 8.836724125774431116e-01 -2.821069804032997896e-01 2.733991777993198188e-02
5.602513959710557767e-01 8.574865719508448780e-01 2.493880079089868251e-01 -7.201314765568438137e-02
1.454335974033134748e+00 8.857008529316405809e-01 -2.851495455209740459e-01 2.365759216189459654e-02
5.838560117731641519e-01 8.490091791122928999e-01 2.261467944193740198e-01 -9.426193752747520638e-02
1.425361419631105742e+00 8.873900016885898356e-01 -2.878820405660213466e-01 2.017963336477708938e-02
6.049743947616945672e-01 8.382471891677149012e-01 2.003717416166247156e-01 -1.167952224668163536e-01
1.396185446010649089e+00 8.887517943990155267e-01 -2.903280785261641572e-01 1.675856152692315956e-02
6.234593320794934446e-01 8.251637656740136162e-01 1.738442997935759349e-01 -1.395360191512133030e-01
1.366840160822590633e+00 8.897839242677404448e-01 -2.924664546736140402e-01 1.325269304019993655e-02
6.393223781142738371e-01 8.097320842664399443e-01 1.480723371902192831e-01 -1.624242401282912363e-01
1.337362763119131381e+00 8.904702282509155964e-01 -2.942228519107563112e-01 9.522268648356110518e-03
6.526992535904516668e-01 7.919360249667539708e-01 1.241694550733104113e-01 -1.853876393052613369e-01
1.307800878273245315e+00 8.907807830331528898e-01 -2.954618726971891540e-01 5.427360656960292587e-03
6.638103220192184128e-01 7.717739133708506616e-01 1.028333978733697585e-01 -2.083063199264054977e-01
1.278218484473478078e+00 8.906717792413673118e-01 -2.959811842666304482e-01 8.258654535705143261e-04
6.729233152701042942e-01 7.492654856331508739e-01 8.438770362125443125e-02 -2.309797454755115609e-01
1.248702141153986922e+00 8.900852785407574741e-01 -2.955091335000992192e-01 -4.426281699961473123e-03
6.803217463707038615e-01 7.244620979747243839e-01 6.884836704102818838e-02 -2.530910946727203403e-01
1.219366958897729836e+00 8.889489683276177168e-01 -2.937107255127542893e-01 -1.047444620969062434e-02
6.862797542031270348e-01 6.974591620168686390e-01 5.599201334006986830e-02 -2.741876597237476454e-01
1.190361498899389803e+00 8.871760709847088533e-01 -2.902021975503821238e-01 -1.746249656334186717e-02
6.910426945660871345e-01 6.684093750902460052e-01 4.541478585730340800e-02 -2.936775903098394758e-01
1.161870521355778729e+00 8.846656194535034157e-01 -2.845794272292774818e-01 -2.552721241564729834e-02
6.948123455503190105e-01 6.375346419563352462e-01 3.657975569266077448e-02 -3.108435218697238045e-01
1.134114455923224352e+00 8.813032327941254795e-01 -2.764573117213416364e-01 -3.479288322033591285e-02
6.977357840819091717e-01 6.051337055038674695e-01 2.885644949495354619e-02 -3.248961041035780539e-01
1.107344578957121017e+00 8.769626656681441812e-01 -2.655206905790667427e-01 -4.536156722583414153e-02
6.998974443472220086e-01 5.715831428325109931e-01 2.155782966086853755e-02 -3.350435137672765351e-01
1.081833474811400020e+00 8.715082395725205489e-01 -2.515763689476628318e-01 -5.730396809150439807e-02
7.013142948071242611e-01 5.373294913275744600e-01 1.397720978425313378e-02 -3.405871323216430602e-01
1.057861108717440990e+00 8.647982520510040239e-01 -2.345992949232914848e-01 -7.064997820105389792e-02
7.019344508335837451e-01 5.028724111257177887e-01 5.428504379808203779e-03 -3.410124534489189507e-01
1.035697793340579986e+00 8.566894157495931195e-01 -2.147619082374282173e-01 -8.537861335283780662e-02
7.016396529892449108e-01 4.687405360910836261e-01 -4.711956883701740040e-03 -3.360603361782695253e-01
1.015586143106790962e+00 8.470422356522575580e-01 -1.924376045343382524e-01 -1.014105199618105663e-01
7.002520565806508168e-01 4.354634092632981290e-01 -1.696202913889499619e-02 -3.257654741980105517e-01
9.977243386359344601e-01 8.357270900452586915e-01 -1.681786626021170017e-01 -1.186046218413598224e-01
6.975456131571117213e-01 4.035440580444576431e-01 -3.169187594992406432e-02 -3.104450256181019996e-01
9.822527628111494824e-01 8.226309739267705368e-01 -1.426725190356812611e-01 -1.367518785063322750e-01
6.932621686826467844e-01 3.734362292311940168e-01 -4.908365388555287895e-02 -2.906459720201000629e-01
9.692452357319341072e-01 8.076644493522282531e-01 -1.166866018785979869e-01 -1.555783847567021594e-01
6.871322318442523169e-01 3.455288657323766777e-01 -6.909460740708861515e-02 -2.670718787430951813e-01
9.587050562374703766e-01 7.907686933895452519e-01 -9.101337793947690546e-02 -1.747464687118505111e-01
6.789001612614969927e-01 3.201382040686562291e-01 -9.142403002588654626e-02 -2.405053370878781072e-01
9.505652126606374264e-01 7.719222605463343934e-01 -6.642445186365771026e-02 -1.938598755951009833e-01
6.683530826708518058e-01 2.975065209912978736e-01 -1.154891923794976183e-01 -2.117399083544543037e-01
9.446916954537778466e-01 7.511473455150047274e-01 -4.363654819139010238e-02 -2.124723166036651678e-01
6.553520254238728304e-01 2.778051912690756575e-01 -1.404185014074651183e-01 -1.815355435384746752e-01
9.408887872120583751e-01 7.285151524704838177e-01 -2.329033494796045600e-02 -2.300966890145134947e-01
6.398623591848952019e-01 2.611398130877408130e-01 -1.650760848050103480e-01 -1.505962264544691287e-01
9.389055537039652233e-01 7.041499717307145856e-01 -5.936939859723979959e-03 -2.462187485326403913e-01
6.219788529258710730e-01 2.475556502109217960e-01 -1.881344987772019250e-01 -1.195626186297390064e-01
9.384431510372570617e-01 6.782314035037858568e-01 7.971416349199464749e-03 -2.603162089011955560e-01
6.019393373018546711e-01 2.370425174622183828e-01 -2.082033958144639263e-01 -8.901090653550454423e-02
9.391629603436082441e-01 6.509942361290774748e-01 1.809021667461991473e-02 -2.718831404626790849e-01
5.801210022453745507e-01 2.295389822331222462e-01 -2.240078005473026546e-01 -5.945544240502457362e-02
9.406957781964544463e-01 6.227253908550904882e-01 2.419250790004536661e-02 -2.804542091185945329e-01
5.570159614563656714e-01 2.249365444130301817e-01 -2.345846763276056846e-01 -3.134408445524631409e-02
9.426523115721032742e-01 5.937575387804989724e-01 2.617899159546484625e-02 -2.856409409233521823e-01
5.331879237734636900e-01 2.230845648293942607e-01 -2.394420821732098081e-01 -5.050428582287214141e-03
9.446350761349253666e-01 5.644592522718390182e-01 2.408644966753655317e-02 -2.871580379500600633e-01
5.092175531752582973e-01 2.237965887566548129e-01 -2.386328815986068219e-01 1.913601236728604965e-02
9.462515258765050730e-01 5.352217209109523255e-01 1.809163471174861024e-02 -2.848591356685581388e-01
4.856479197327804864e-01 2.268583726675526269e-01 -2.327145191572769500e-01 4.102081063023232943e-02
9.471279345232017643e-01 5.064429431733926679e-01 8.508452333892227784e-03 -2.787526166003750916e-01
4.629410608869761745e-01 2.320372477023302515e-01 -2.226131566700669528e-01 6.050845312762417189e-02
9.469232919833665552e-01 4.785102789218209085e-01 -4.222872050883379018e-03 -2.690166502790358738e-01
4.414523796082667761e-01 2.390921060486264627e-01 -2.094380416456376182e-01 7.759950884297928120e-02
9.453422936442342772e-01 4.517830050038612599e-01 -1.955513912026603587e-02 -2.559922955153633439e-01
4.214237072120995964e-01 2.477831000550370644e-01 -1.943070219885082717e-01 9.238086761305848438e-02
9.421464582658117815e-01 4.265764798783917011e-01 -3.686067093106962927e-02 -2.401630389929169385e-01
4.029914184042736047e-01 2.578802609569289528e-01 -1.782142550558104277e-01 1.050100816336885234e-01
9.371624914988582189e-01 4.031494329293653922e-01 -5.546289705513999385e-02 -2.221197834007445360e-01
3.862037363120452427e-01 2.691705213939036279e-01 -1.619597869741140617e-01 1.156988351213213556e-01
9.302871320979857472e-01 3.816954110132176337e-01 -7.467208693971254252e-02 -2.025185284540431674e-01
3.710417389959940748e-01 2.814628547804389758e-01 -1.461284948253704918e-01 1.246935912822821901e-01
9.214879921678195140e-01 3.623390510478934345e-01 -9.382189055292163016e-02 -1.820312008858163966e-01
3.574400171318091179e-01 2.945915704364641674e-01 -1.311047737560799842e-01 1.322591552654443225e-01
9.108001786763578744e-01 3.451370239977549770e-01 -1.123047190428512893e-01 -1.613024854194936852e-01
3.453047363996043506e-01 3.084179183742934982e-01 -1.171033341835122227e-01 1.386646109822105843e-01
8.983188567056075158e-01 3.300831207308089765e-01 -1.296041368415804806e-01 -1.409107129336321373e-01
3.345282140072117216e-01 3.228301825421241444e-01 -1.042058620342086322e-01 1.441696188114275634e-01
8.841883788503765995e-01 3.171164152264032698e-01 -1.453182911018147117e-01 -1.213442448744217472e-01
3.250000115821506941e-01 3.377425843522510185e-01 -9.239580260495909581e-02 1.490156757028478773e-01
8.685889631200464089e-01 3.061314525073219328e-01 -1.591759081232916595e-01 -1.029850887924547570e-01
3.166150500201492246e-01 3.530931541840064969e-01 -8.158558760980778868e-02 1.534172560935243013e-01
8.517222639291379682e-01 2.969892605462763346e-01 -1.710382392360506321e-01 -8.610682291724607029e-02
3.092792872548855709e-01 3.688408188938352983e-01 -7.164007230035333851e-02 1.575555324204632457e-01
8.337972849535335573e-01 2.895282230057660278e-01 -1.808908068843632366e-01 -7.087993519894197902e-02
3.029135953072775167e-01 3.849618350073922834e-01 -6.239206815662293876e-02 1.615727832013358345e-01
8.150179798882537519e-01 2.835740362496252387e-01 -1.888229633368691263e-01 -5.738348882872168488e-02
2.974562937050501121e-01 4.014456966136925042e-01 -5.365490599503382890e-02 1.655682184698488990e-01
7.955735100831926587e-01 2.789482251039780980e-01 -1.950012906958472347e-01 -4.562246377672515146e-02
2.928647377259014362e-01 4.182905986928581177e-01 -4.523039589393595961e-02 1.695937574564913286e-01
7.756316197981524274e-01 2.754750282867913791e-01 -1.996415048948393112e-01 -3.554264077036221187e-02
2.891162032064239495e-01 4.354985491748804560e-01 -3.691530232885487095e-02 1.736513319019102608e-01
7.553351490451156725e-01 2.729865765013031464e-01 -2.029806922103823685e-01 -2.704825633378001373e-02
2.862082694140218320e-01 4.530701174400085240e-01 -2.850579140905214540e-02 1.776890636168611814e-01
7.348012628523405976e-01 2.713265190111048275e-01 -2.052547034096333933e-01 -2.001512092175694590e-02
2.841587567319139307e-01 4.709989483827379253e-01 -1.980181181179818672e-02 1.815999068124444504e-01
7.141227734734852950e-01 2.703523482621751350e-01 -2.066817847516203843e-01 -1.430236887719112462e-02
2.830052672209749098e-01 4.892660780193288095e-01 -1.061111143165390479e-02 1.852200567399597819e-01
6.933708165615889429e-01 2.699367219598189926e-01 -2.074533035125355196e-01 -9.759308201851002451e-03
2.828042871699126826e-01 5.078342244258211569e-01 -7.536179701117529106e-04 1.883295760949273701e-01
6.725982569098081232e-01 2.699680149974246213e-01 -2.077284406061992994e-01 -6.233135861621885709e-03
2.836297477184963611e-01 5.266422391431756500e-01 9.932560448890534119e-03 1.906550236736396509e-01
6.518432735657976318e-01 2.703504751950802643e-01 -2.076351081278793309e-01 -3.568970718496414576e-03
2.855708913716917263e-01 5.456000221738194211e-01 2.158360036993063960e-02 1.918758614366985193e-01
6.311327871325149719e-01 2.710041128412299938e-01 -2.072719053243984033e-01 -1.613246015941260936e-03
2.887292415584563621e-01 5.645843149844247399e-01 3.430057810121141942e-02 1.916356234786994184e-01
6.104855046918505890e-01 2.718645702763944905e-01 -2.067122372578777956e-01 -2.115049848224383883e-04
2.932143614150737321e-01 5.834357373283465265e-01 4.813641196060869376e-02 1.895558400776450048e-01
5.899145145026954973e-01 2.728830834954134588e-01 -2.060080181512380371e-01 7.923163537297082254e-04
2.991380614951547057e-01 6.019576323033924981e-01 6.307962652912779689e-02 1.852577667729726763e-01
5.694294414626300815e-01 2.740266374443439124e-01 -2.051938674090444115e-01 1.558676983777948152e-03
3.066066719827955089e-01 6.199169980200209817e-01 7.903470262045815542e-02 1.783842911879755244e-01
5.490382593730767091e-01 2.752783189116716489e-01 -2.042887796057287486e-01 2.253657579998069593e-03
3.157110112354312714e-01 6.370479174154992652e-01 9.579910205392838662e-02 1.686281253683123149e-01
5.287488874534245209e-01 2.766378964197702128e-01 -2.032976353811647707e-01 3.051461900290449933e-03
3.265138452640269917e-01 6.530574800748647490e-01 1.130395105621480739e-01 1.557570076411255722e-01
5.085707085957061890e-01 2.781225873051660358e-01 -2.022097339571260477e-01 4.135514079332361717e-03
3.390350366829716355e-01 6.676341167568774493e-01 1.302720077066739923e-01 1.396390053772419149e-01
4.885161150609816927e-01 2.797679004683666371e-01 -2.009987482426423000e-01 5.698484695689417720e-03
3.532352648016380825e-01 6.804578698533859660e-01 1.468541818543574740e-01 1.202599572841522857e-01
4.686022145800501360e-01 2.816284703327462391e-01 -1.996190473682601940e-01 7.941078456844921987e-03
3.690001186299693425e-01 6.912120363943492496e-01 1.619971183193051056e-01 9.773455472937102317e-02
4.488527483376819061e-01 2.837787417396263612e-01 -1.980032197137123473e-01 1.106964123837039793e-02
3.861276539958747867e-01 6.995953618227032100e-01 1.748121876837815947e-01 7.230631887909326483e-02
4.293002160816195012e-01 2.863133313516599832e-01 -1.960598386719728803e-01 1.529167452847997842e-02
4.043232688512159445e-01 7.053340442764778340e-01 1.843953637975515036e-01 4.434034262442339974e-02
4.099881592105902861e-01 2.893468708474755680e-01 -1.936714330251036176e-01 2.080991323473909554e-02
4.232057950856656370e-01 7.081926883408806717e-01 1.899468324018105392e-01 1.430384273526374983e-02
3.909734386923224836e-01 2.930130869690215079e-01 -1.906955833426889624e-01 2.781258993482064318e-02
4.423271327405804976e-01 7.079836623197939272e-01 1.909054477902683011e-01 -1.725664102355158741e-02
3.723282918609860381e-01 2.974629295539389928e-01 -1.869675947859435750e-01 3.646395244314796363e-02
4.612045031032936948e-01 7.045744008836707373e-01 1.870610625726946419e-01 -4.974320508971397103e-02
3.541418683480657692e-01 3.028613972711224900e-01 -1.823072703447762566e-01 4.688937307872897975e-02
4.793605335619947061e-01 6.978926787121685349e-01 1.786103299104372655e-01 -8.252936038501597349e-02
3.365208706628899371e-01 3.093828170837956137e-01 -1.765297845309395652e-01 5.915916735423539657e-02
4.963633275029560865e-01 6.879300913587041988e-01 1.661278746373229254e-01 -1.149786590983377793e-01
3.195890000551650512e-01 3.172043030485968695e-01 -1.694591629380903797e-01 7.327081918047835540e-02
5.118582827453992401e-01 6.747443960644549099e-01 1.504605715389276954e-01 -1.464530824252241459e-01
3.034849276960226439e-01 3.264971698916466214e-01 -1.609447873585079236e-01 8.912810944607570118e-02
5.255858758123678198e-01 6.584614220286798547e-01 1.325754397513145832e-01 -1.763086066285576015e-01
2.883587329754662698e-01 3.374162163787644553e-01 -1.508776679148837729e-01 1.065210064275327467e-01
5.373836885189420265e-01 6.392769073226743926e-01 1.134028190727387475e-01 -2.038918877923327211e-01
2.743669073447170814e-01 3.500870966512090177e-01 -1.392054278792631550e-01 1.251097051999106036e-01
5.471748916566752108e-01 6.174581722719784116e-01 9.371385042515149866e-02 -2.285344690156065894e-01
2.616663866256939142e-01 3.645922631328040731e-01 -1.259408048288427617e-01 1.444130434818946540e-01
5.549477186220194147e-01 5.933447758258949545e-01 7.404750107982878415e-02 -2.495602178589906295e-01
2.504081512829855471e-01 3.809565994030635894e-01 -1.111644758374404490e-01 1.638099672944074714e-01
5.607310608040820821e-01 5.673466569908335311e-01 5.469136148591088181e-02 -2.663093330833772865e-01
2.407310930118434222e-01 3.991343109600007932e-01 -9.502034127584213508e-02 1.825587684634033536e-01
5.645705477107322290e-01 5.399381344526845705e-01 3.570347844224682626e-02 -2.781811111116083701e-01
2.327567643316483803e-01 4.189992233291592871e-01 -7.770396151055940226e-02 1.998356781579557762e-01
5.665083182445221910e-01 5.116463552809044080e-01 1.696334250150810519e-02 -2.846915788852951157e-01
2.265854173333463339e-01 4.403408600848988108e-01 -5.944761280231766060e-02 2.147982010961927701e-01
5.665684431285289424e-01 4.830341328642109300e-01 -1.762182774700526977e-03 -2.855297496611360342e-01
2.222934692779401367e-01 4.628683987886345608e-01 -4.050486147646100571e-02 2.266654778338798304e-01
5.647491705728355793e-01 4.546781858521187769e-01 -2.074392218646507399e-02 -2.806056580544520895e-01
2.199323070074335751e-01 4.862236890740000983e-01 -2.113607865579976777e-02 2.348091842583703015e-01
5.610224046623221161e-01 4.271453846346662253e-01 -4.021782985114130682e-02 -2.700679345944238530e-01
2.195281847048556612e-01 5.100028489160070011e-01 -1.596737228548583687e-03 2.388327738656973731e-01
5.553404545716257301e-01 4.009699900936265493e-01 -6.031447210887627003e-02 -2.542944227967858239e-01
2.210828449836672871e-01 5.337842276102570116e-01 1.786862457534936152e-02 2.386276314163734147e-01
5.476495724732036718e-01 3.766348859921834769e-01 -8.099871273472188105e-02 -2.338500254203679241e-01
2.245746668017011838e-01 5.571587588783879497e-01 3.703199282177142143e-02 2.343856726066961826e-01
5.379093034236096527e-01 3.545584562836295306e-01 -1.020227406260213882e-01 -2.094286832334442960e-01
2.299601738981136012e-01 5.797582635048122990e-01 5.568419980903997063e-02 2.265704023331668038e-01
5.261158985259334342e-01 3.350873556383272001e-01 -1.228996335903935061e-01 -1.817986207038509716e-01
2.371759134478501063e-01 6.012775125609975957e-01 7.363883835579769499e-02 2.158453436077826526e-01
5.123270344376642527e-01 3.184943770038246025e-01 -1.429074308727703302e-01 -1.517458307851808075e-01
2.461407198972344335e-01 6.214876591429591146e-01 9.073426511518878357e-02 2.029863068880866095e-01
4.966838458260653399e-01 3.049795323301217054e-01 -1.611348364576511150e-01 -1.200436522315791593e-01
2.567584565041231559e-01 6.402403471830461212e-01 1.068377457174215089e-01 1.887891988456661674e-01
4.794254174869636009e-01 2.946726594316189662e-01 -1.765729813682503924e-01 -8.743276126941627868e-02
2.689212303218560529e-01 6.574636907561526300e-01 1.218492376234281416e-01 1.739926242643371201e-01
4.608907690451742867e-01 2.876362640538032145e-01 -1.882517213757280705e-01 -5.461365785071799900e-02
2.825129966637259238e-01 6.731523477164557123e-01 1.357038480591839791e-01 1.592258591827840630e-01
4.415051250683496020e-01 2.838680543149437741e-01 -1.953965961393189232e-01 -2.224436935344131783e-02
2.974133839848831506e-01 6.873542257988525250e-01 1.483730702582971295e-01 1.449807624370746950e-01
4.217506851790240874e-01 2.833033804463424565e-01 -1.975705691085553328e-01 9.063894398919636330e-03
3.135014642408399110e-01 7.001561490648831043e-01 1.598631721143791429e-01 1.316072313674772898e-01
4.021265470098646100e-01 2.858183018978729950e-01 -1.947572804625319343e-01 3.875456774475131289e-02
3.306592632257288611e-01 7.116701327569414648e-01 1.702127600047842471e-01 1.193225202394954110e-01
3.831058196110135872e-01 2.912341103330962078e-01 -1.873593201001666486e-01 6.633956792928552559e-02
3.487747066982274102e-01 7.220214158748697875e-01 1.794867662529194552e-01 1.082307125310766338e-01
3.650986914033741981e-01 2.993238449059459905e-01 -1.761151620302547904e-01 9.141366742968874692e-02
3.677439192605268525e-01 7.313387498602362813e-01 1.877704246972903557e-01 9.834790971885443156e-02
3.484279120469881419e-01 3.098210362530652295e-01 -1.619608624552534015e-01 1.136703038177403896e-01
3.874727964125087576e-01 7.397469043765656505e-01 1.951632481363615168e-01 8.962110431785334785e-02
3.333189687636318177e-01 3.224302623391239186e-01 -1.458836390947718942e-01 1.329109945621039512e-01
4.078778643242995106e-01 7.473614135885584542e-01 2.017721872059804189e-01 8.195284843109940098e-02
3.199032803846201811e-01 3.368389098981192098e-01 -1.288014584641117288e-01 1.490509505588007710e-01
4.288865651513284472e-01 7.542850354721852835e-01 2.077070041771785502e-01 7.521416478528664129e-02
3.082304343396017887e-01 3.527292606290772237e-01 -1.114853407253405954e-01 1.621154164267261388e-01
4.504370630420522770e-01 7.606057003645897430e-01 2.130760380381994390e-01 6.926069194788479766e-02
2.982849668142619204e-01 3.697901547604958705e-01 -9.452729470236602427e-02 1.722332417473474708e-01
4.724776953858231265e-01 7.663954431027791836e-01 2.179826110911461112e-01 6.393834645300004726e-02
2.900040642159053550e-01 3.877273705974509377e-01 -7.834070778432271343e-02 1.796204558956090158e-01
4.949661719902860857e-01 7.717100828353047337e-01 2.225226425969784039e-01 5.909132191894705954e-02
2.832938331565021950e-01 4.062721968991261368e-01 -6.318042026012826717e-02 1.845626736660573586e-01
5.178685026675777792e-01 7.765892690142905952e-01 2.267810276582182816e-01 5.456318860850665337e-02
2.780430035276764134e-01 4.251877672583618262e-01 -4.917167548944741812e-02 1.873936096933222772e-01
5.411576692580268855e-01 7.810567200653111275e-01 2.308278821729070618e-01 5.019884616897877377e-02
2.741338206508506237e-01 4.442729401506858022e-01 -3.633898446967857160e-02 1.884709343117259850e-01
5.648119241839073545e-01 7.851204435726898412e-01 2.347138739200449464e-01 4.584296107422910355e-02
2.714503113235424703e-01 4.633638077467172600e-01 -2.463196457451003948e-02 1.881558781465416386e-01
5.888125795938949913e-01 7.887728337340385032e-01 2.384632279949413236e-01 4.133903058293567773e-02
2.698843760985053519e-01 4.823330147679629754e-01 -1.394618977940131899e-02 1.867932182368636784e-01
6.131411355261842111e-01 7.919905531444029201e-01 2.420659743369394656e-01 3.652664071438863763e-02
2.693401288973217844e-01 5.010872502053297373e-01 -4.140165521758036420e-03 1.846951359652885538e-01
6.377755932723067067e-01 7.947342056434040236e-01 2.454681623774897792e-01 3.124008962629432062e-02
2.697369673231282960e-01 5.195633590831529869e-01 4.953780614880276545e-03 1.821303152102030920e-01
6.626858371266446390e-01 7.969477953666439518e-01 2.485617506715886993e-01 2.530660593233480249e-02
2.710116364417928803e-01 5.377234841126301568e-01 1.351928536249176992e-02 1.793154175468621714e-01
6.878281056426480689e-01 7.985580811635650811e-01 2.511752757184311791e-01 1.854621615426007078e-02
2.731196205910365049e-01 5.555496471970589045e-01 2.175082057520594248e-02 1.764112680507449460e-01
7.131386979532821080e-01 7.994739615668831068e-01 2.530670457865739631e-01 1.077413334937826761e-02
2.760359939584901556e-01 5.730380764848582720e-01 2.984811256721379633e-02 1.735217372197025154e-01
7.385273399577364506e-01 7.995860215466392695e-01 2.539239347075043507e-01 1.802905371291648297e-03
2.797558831023705950e-01 5.901935313258578342e-01 3.801276414472365417e-02 1.706942102478829215e-01
7.638708941178240508e-01 7.987665535661293559e-01 2.533687519535680610e-01 -8.549865264847097621e-03
2.842945923491471683e-01 6.070237457921209279e-01 4.644475298798411700e-02 1.679213912410733867e-01
7.890084475194751867e-01 7.968702816422696955e-01 2.509799834453374512e-01 -2.045291373070634577e-02
2.896874241001288208e-01 6.235341345814465752e-01 5.533977853513135509e-02 1.651440802383682127e-01
8.137390207693191435e-01 7.937361377743120672e-01 2.463250853024697429e-01 -3.404859829382137631e-02
2.959891309778612811e-01 6.397228265789687285e-01 6.488466069755800814e-02 1.622552898011830891e-01
8.378232447482119039e-01 7.891904118876621466e-01 2.390082331412783090e-01 -4.943703206528038407e-02
3.032728958305230815e-01 6.555760479191899970e-01 7.525233041797789457e-02 1.591036416527062125e-01
8.609900619475101546e-01 7.830514875171660227e-01 2.287278469091658106e-01 -6.666021484686794618e-02
3.116286530308236546e-01 6.710639574548200592e-01 8.659411836429524445e-02 1.554988166135399530e-01
8.829488925642570152e-01 7.751363606784903437e-01 2.153354857099831765e-01 -8.568416869890922716e-02
3.211604630642518332e-01 6.861369794461649185e-01 9.902918505014235429e-02 1.512171358142762878e-01
9.034067375021420654e-01 7.652689496780226142e-01 1.988857059806448113e-01 -1.063819806528439466e-01
3.319825541614724873e-01 7.007227670967599575e-01 1.126295868514315401e-01 1.460089300309626859e-01
9.220886251222173424e-01 7.532898993396884846e-01 1.796645181945573932e-01 -1.285230433444491671e-01
3.442135050400193519e-01 7.147239167018852868e-01 1.273996535431272947e-01 1.396078416089167329e-01
9.387589781495792041e-01 7.390675237965894651e-01 1.581888681873958868e-01 -1.517661528590656117e-01
3.579679855622710516e-01 7.280165815307246824e-01 1.432503389080704570e-01 1.317407692565571720e-01
9.532412156893271815e-01 7.225092603597015328e-01 1.351765754239083461e-01 -1.756594195795324609e-01
3.733454008925937151e-01 7.404502210739662971e-01 1.599665923682214164e-01 1.221421003852474207e-01
9.654333097856145907e-01 7.035729338127251209e-01 1.114924855540507381e-01 -1.996466780530374019e-01
3.904149671314889880e-01 7.518486081022441869e-01 1.771721505558950527e-01 1.105682200114773278e-01
9.753178568190106201e-01 6.822768795790306040e-01 8.808151938261936376e-02 -2.230859386699590718e-01
4.091971772200971302e-01 7.620123044222255615e-01 1.942966938323539006e-01 9.681353207770711233e-02
9.829662684881470547e-01 6.587081775977688958e-01 6.590012788474745864e-02 -2.452711790924821944e-01
4.296425006338290276e-01 7.707227369787981175e-01 2.105554632349238009e-01 8.072904319108194227e-02
9.885374976941259106e-01 6.330280265837618936e-01 4.585511809036361269e-02 -2.654617371582179697e-01
4.516096352355060684e-01 7.777479406804111983e-01 2.249579948779278915e-01 6.223920249320835651e-02
9.922721374265174310e-01 6.054732649941600986e-01 2.875368858637483704e-02 -2.829256837046332795e-01
4.748474469530835074e-01 7.828498338587380756e-01 2.363638650706989530e-01 4.135532132715225018e-02
9.944827914862539586e-01 5.763534552824701729e-01 1.526539050202002645e-02 -2.969813439884551598e-01
4.989864351084164484e-01 7.857928146770986055e-01 2.435994950570711526e-01 1.818528710950673144e-02
9.955415026850991111e-01 5.460429498398063908e-01 5.895155156277845712e-03 -3.070451845410317460e-01
5.235459379225787524e-01 7.863531309413184234e-01 2.456335380189115514e-01 -7.065178037520455576e-03
9.958648941268857246e-01 5.149678662578219823e-01 9.665775172439106111e-04 -3.126810935816469184e-01
5.358090981656413732e-01 7.857279188738419684e-01 2.440753334755074722e-01 -2.198784770229833541e-02
9.958872198274775212e-01 4.992900894189221117e-01 -9.052662265640609718e-06 -3.141322609735057725e-01
