2.000000000000000111e-01 2.000000000000000111e-01 -1.493916082367929832e-01 1.493916082367929832e-01
1.000000000000000000e+00 4.000000000000000222e-01 -1.188893871861928644e-17 -2.987832164513452571e-01
1.858680376882009266e-01 2.153255618691566065e-01 -1.299213558646206135e-01 1.603520816788328585e-01
9.995854656217814105e-01 3.705253997249256526e-01 -9.339754979392073109e-03 -2.877053037349773801e-01
1.736138508831320815e-01 2.316579338939006583e-01 -1.122027939483294379e-01 1.693138293942797468e-01
9.980559355662915744e-01 3.423130914204637332e-01 -2.280112703246378603e-02 -2.731022833548160667e-01
1.630576819746799300e-01 2.487991765823227008e-01 -9.631141103562390615e-02 1.762935909217083763e-01
9.950177789434755393e-01 3.156922810671176083e-01 -3.998867456958543620e-02 -2.555603389655519697e-01
1.540170147823766988e-01 2.665556487934535590e-01 -8.221356170325100354e-02 1.813677877274960659e-01
9.901235674264701192e-01 2.909303132147743054e-01 -6.036400315885537271e-02 -2.357271813354516743e-01
1.463157338139516872e-01 2.847438418277666305e-01 -6.980891619455531494e-02 1.846710094618314590e-01
9.830854439716123494e-01 2.682282001078413192e-01 -8.325884019895479771e-02 -2.142710800491498535e-01
1.397895168024135548e-01 3.031959147104484331e-01 -5.896043730677091865e-02 1.863903416124412793e-01
9.736870272283911776e-01 2.477200756653079594e-01 -1.078914944885323024e-01 -1.918459775797354272e-01
1.342886494431801969e-01 3.217645084444745729e-01 -4.951419942979262689e-02 1.867558176733147279e-01
9.617934193447887914e-01 2.294759330718888213e-01 -1.333902833258737708e-01 -1.690637237775072244e-01
1.296791682904175624e-01 3.403265136120027234e-01 -4.131169465369788352e-02 1.860279843102913278e-01
9.473584826939409620e-01 2.135068712629107912e-01 -1.588286423943874315e-01 -1.464731913120020934e-01
1.258429896423390315e-01 3.587855117749845224e-01 -3.419695781409215485e-02 1.844839441177137385e-01
9.304281069290650796e-01 1.997721325427179173e-01 -1.832753976464818191e-01 -1.245454781008403788e-01
1.226774733172463910e-01 3.770728379690804766e-01 -2.802027931902983937e-02 1.824033448102890809e-01
9.111379742095347956e-01 1.881874616144446621e-01 -2.058594043702344223e-01 -1.036644774778106015e-01
1.200947096472119585e-01 3.951472840481504156e-01 -2.263977006908279854e-02 1.800555320952135219e-01
8.897046561433640255e-01 1.786341547253609552e-01 -2.258414784038487166e-01 -8.412221491962967868e-02
1.180207074570408243e-01 4.129936045379392628e-01 -1.792161643913992020e-02 1.776886910977160117e-01
8.664098239260352718e-01 1.709683302793039428e-01 -2.426805320795977217e-01 -6.611870271081010664e-02
1.163945914423262645e-01 4.306200268793398678e-01 -1.373956520604735498e-02 1.755213391036597459e-01
8.415787310288110890e-01 1.650300854434007813e-01 -2.560785192402825761e-01 -4.976616648291742884e-02
1.151678734096021200e-01 4.480550240708915943e-01 -9.973963061710167111e-03 1.737361399190007205e-01
8.155555528627504991e-01 1.606519186278539679e-01 -2.659924990995599092e-01 -3.509719069191841179e-02
1.143038288799706759e-01 4.653435405922428658e-01 -6.510551228341987517e-03 1.724757210889299452e-01
7.886790101450686929e-01 1.576662624817253278e-01 -2.726105551888180489e-01 -2.207612257928981414e-02
1.137770078103606808e-01 4.825428774479888494e-01 -3.239124073128873960e-03 1.718400447561774236e-01
7.612616082694924069e-01 1.559117026317410060e-01 -2.762984159868087097e-01 -1.061252524747757775e-02
1.135728760004387355e-01 4.997183519391042994e-01 -5.211963152729204296e-05 1.718848620484159095e-01
7.335748425664635475e-01 1.552378308930358330e-01 -2.775304261994071542e-01 -5.753074440451033666e-04
1.136876034768004307e-01 5.169388428652149647e-01 3.156820891497824633e-03 1.726208725631034335e-01
7.058413347768733859e-01 1.555086876707252597e-01 -2.768200543026844151e-01 8.193839877435049601e-03
1.141279986409156760e-01 5.342722709236278344e-01 6.494296583142711299e-03 1.740133605161731101e-01
6.782334227344826161e-01 1.566049300088634411e-01 -2.746617326597478037e-01 1.586880314652372448e-02
1.149115832726159275e-01 5.517810534479422602e-01 1.006857017551987532e-02 1.759822719424319892e-01
6.508768122275756518e-01 1.584249481379515490e-01 -2.714901167384653480e-01 2.262987330511889716e-02
1.160668088763493339e-01 5.695175925862447919e-01 1.399094998882910446e-02 1.784029000848064150e-01
6.238575160407208164e-01 1.608851745543491973e-01 -2.676574664753350596e-01 2.865727158005149100e-02
1.176334081731643527e-01 5.875198779879102773e-01 1.837710241966994396e-02 1.811075304777171047e-01
5.972303831153370490e-01 1.639198847247752833e-01 -2.634262522560604225e-01 3.412725627788271154e-02
1.196628744871333083e-01 6.058072982714993726e-01 2.334824569447113696e-02 1.838885412119156681e-01
5.710279059791898426e-01 1.674806894334762708e-01 -2.589726136002779011e-01 3.921044812796314893e-02
1.222190474682577355e-01 6.243768458891555406e-01 2.903215082748766829e-02 1.865035087287442161e-01
5.452683797015291933e-01 1.715359679407160443e-01 -2.543962653589471046e-01 4.407193259642339100e-02
1.253787917094399962e-01 6.431999355770208204e-01 3.556382062626373131e-02 1.886828071371443594e-01
5.199629514023590415e-01 1.760703700814608419e-01 -2.497333176920690789e-01 4.887264228384258224e-02
1.292327152085931408e-01 6.622200971748489762e-01 4.308562282819006217e-02 1.901399719218127560e-01
4.951213677203026298e-01 1.810844898071901077e-01 -2.449695271702911903e-01 5.377154814814599781e-02
1.338858688622434068e-01 6.813518108377594196e-01 5.174651216723058500e-02 1.905847239729724363e-01
4.707564444774326451e-01 1.865947869927442881e-01 -2.400524717199870040e-01 5.892820432659706675e-02
1.394583126901292880e-01 7.004807499539027482e-01 6.169976612437066965e-02 1.897380347472971129e-01
4.468874087252971972e-01 1.926337848222113569e-01 -2.349019220353187887e-01 6.450518189732301622e-02
1.460853578774239658e-01 7.194655795109076157e-01 7.309834051776042951e-02 1.873480790781645311e-01
4.235422942053991280e-01 1.992504521335458356e-01 -2.294182736700678404e-01 7.066987387643886009e-02
1.539172174592947362e-01 7.381413373965025615e-01 8.608655888489580299e-02 1.832054733804516777e-01
4.007595863910536904e-01 2.065107545635779251e-01 -2.234892239362518129e-01 7.759511270327701382e-02
1.631176104380001601e-01 7.563242684692316198e-01 1.007863537454134484e-01 1.771560040504660538e-01
3.785892620688299237e-01 2.144981806767780053e-01 -2.169951642816414505e-01 8.545792236011595655e-02
1.738607109048502519e-01 7.738177704438761184e-01 1.172758268344620269e-01 1.691092464881083224e-01
3.570933341388957682e-01 2.233140326959774102e-01 -2.098138477749089681e-01 9.443562904928870516e-02
1.863255669089606548e-01 7.904190232353169865e-01 1.355577125793094861e-01 1.590420256186719783e-01
3.363459559800300869e-01 2.330772109876962095e-01 -2.018248720335458213e-01 1.046984636869641161e-01
2.006869136217300231e-01 8.059257465989020375e-01 1.555159301613873168e-01 1.469965464490075036e-01
3.164330570244657248e-01 2.439230390550320426e-01 -1.929144313288222445e-01 1.163977212115252513e-01
2.171011940847525079e-01 8.201425834309025165e-01 1.768606637218839150e-01 1.330739101655653567e-01
2.974515041902774937e-01 2.560007405289195237e-01 -1.829804866064488333e-01 1.296486210923541993e-01
2.356868246172552361e-01 8.328866824553285975e-01 1.990673978366497288e-01 1.174244262380774728e-01
2.795077013873092930e-01 2.694689223444384774e-01 -1.719382554214721193e-01 1.445072477963826874e-01
2.564985943503694799e-01 8.439922476685759456e-01 2.213238527934424660e-01 1.002363454842558621e-01
2.627156704015555233e-01 2.844885448893734181e-01 -1.597255332302927044e-01 1.609415515302359267e-01
2.794979226386171689e-01 8.533139187064189279e-01 2.425097372880935520e-01 8.172439653481022859e-02
2.471945689376397470e-01 3.012127616079913750e-01 -1.463071259907855470e-01 1.787975736355917888e-01
3.045235200166788170e-01 8.607290206954728573e-01 2.612426821604896254e-01 6.211882357803899524e-02
2.330658826831885078e-01 3.197733107136859765e-01 -1.316776142776254765e-01 1.977638218464417008e-01
3.312703141575475962e-01 8.661387098371114979e-01 2.760196756157462517e-01 4.165489902313579407e-02
2.204503551315305232e-01 3.402634585781083576e-01 -1.158618122970578312e-01 2.173395262788924143e-01
3.592864481635494323e-01 8.694680444038871414e-01 2.854561592172122353e-01 2.056246774240211295e-02
2.094650201543221124e-01 3.627182011494696767e-01 -9.891283982155218979e-02 2.368154628784591154e-01
3.879965717553726101e-01 8.706649689649139656e-01 2.885755526205180388e-01 -9.447524706995835686e-04
2.002204664390763167e-01 3.870934579268885400e-01 -8.090824805268015396e-02 2.552789766380181291e-01
4.167528851104658205e-01 8.696981786311868134e-01 2.850542359829344452e-01 -2.267950597462098372e-02
1.928185622578862946e-01 4.132470998078384139e-01 -6.194539365483864302e-02 2.716551934442423821e-01
4.449053553552071438e-01 8.665539641770240165e-01 2.753203393740522031e-01 -4.448923688823991363e-02
1.873506171325012015e-01 4.409258348240746583e-01 -4.213753956178178939e-02 2.847926113755394617e-01
4.718741551831736603e-01 8.612323651789561829e-01 2.604589849075633623e-01 -6.625966861295573551e-02
1.838958520956641418e-01 4.697623343518291250e-01 -2.161222973501297773e-02 2.935910811477371318e-01
4.972060650847004437e-01 8.537432466566641232e-01 2.419633612429916703e-01 -8.791135305830088953e-02
1.825199618497730381e-01 4.992862719547978556e-01 -5.129364433198446704e-04 2.971549243058202450e-01
5.206031631482255229e-01 8.441030625126533238e-01 2.214317453945457981e-01 -1.093881077593450435e-01
1.832733521189826853e-01 5.289506426476919820e-01 2.099598951643688594e-02 2.949390724912848150e-01
5.419225370235080108e-01 8.323331594879942452e-01 2.003104037813507876e-01 -1.306381282109581043e-01
1.861888347242616759e-01 5.581710690458343560e-01 4.272207094341284872e-02 2.868493470531419121e-01
5.611540520949764854e-01 8.184602078055746022e-01 1.797360763000632744e-01 -1.515902031158644636e-01
1.912785857264061862e-01 5.863723864008154596e-01 6.443743830186754451e-02 2.732666243981940468e-01
5.783864799324711647e-01 8.025191969393572489e-01 1.604796148677034573e-01 -1.721282642287713660e-01
1.985304834589562972e-01 6.130342716950348825e-01 8.587436167717399371e-02 2.549868800827415072e-01
5.937710696414197908e-01 7.845589164976911611e-01 1.429617571858943226e-01 -1.920678678705989295e-01
2.079042454230476678e-01 6.377282232543030061e-01 1.067268212140426442e-01 2.330954206944402252e-01
6.074884095306545273e-01 7.646496520559683541e-01 1.273063231499449444e-01 -2.111381101586873310e-01
2.193280197898532791e-01 6.601405095118525468e-01 1.266605385852326293e-01 2.088114091566839470e-01
6.197212035976504829e-01 7.428923004936398566e-01 1.134046265643950946e-01 -2.289725410734022581e-01
2.326963491281018037e-01 6.800797056100054139e-01 1.453325422853812832e-01 1.833406471571374929e-01
6.306334780744720092e-01 7.194279593570837017e-01 1.009768796217391795e-01 -2.451122815272377409e-01
2.478703764910190344e-01 6.974707129991604138e-01 1.624188381427194017e-01 1.577633831767455419e-01
6.403556612645198154e-01 6.944466067991271752e-01 8.962583259927714430e-02 -2.590238513018594535e-01
2.646809799143132191e-01 7.123392514873139181e-01 1.776460986299688294e-01 1.329674111927303670e-01
6.489747958046653276e-01 6.681933667326912518e-01 7.888341547676591681e-02 -2.701324843430719103e-01
2.829349758400028225e-01 7.247913329413433470e-01 1.908212085288685245e-01 1.096230845126777709e-01
6.565292948205401213e-01 6.409709168433822546e-01 6.825338264709879255e-02 -2.778689909797849023e-01
3.024239335325118461e-01 7.349915375737279266e-01 2.018520768518050623e-01 8.818942745514313231e-02
6.630079528145612633e-01 6.131367396160756211e-01 5.725283391821989198e-02 -2.817250633509182922e-01
3.229345397074429025e-01 7.431426927216272516e-01 2.107548292482053220e-01 6.893900904997307677e-02
6.683531859991062030e-01 5.850948239152681252e-01 4.545423095206335695e-02 -2.813089421092873632e-01
3.442590738904678926e-01 7.494684454088006431e-01 2.176459705238720233e-01 5.199120649973520969e-02
6.724685198118661722e-01 5.572820512633537282e-01 3.252750884613631044e-02 -2.763922613974179043e-01
3.662045877660443094e-01 7.541992837031734620e-01 2.227219175615635649e-01 3.734664873883408731e-02
6.752302155222655866e-01 5.301504933535777786e-01 1.827990951316915691e-02 -2.669400458350790206e-01
3.885997499710706626e-01 7.575619203170644855e-01 2.262310159276137433e-01 2.491863024256524284e-02
6.765026202844038883e-01 5.041474845945181915e-01 2.689456608806484184e-03 -2.531194055743757332e-01
4.112988332181915507e-01 7.597716644338033953e-01 2.284440184935343510e-01 1.455957662072071557e-02
6.761563485576602694e-01 4.796957362597403796e-01 -1.407302058914483567e-02 -2.352871711491788531e-01
4.341828862787945331e-01 7.610272214699784765e-01 2.296280260452587818e-01 6.082108816585218847e-03
6.740879448110005390e-01 4.571753182911404423e-01 -3.163888775276069154e-02 -2.139609144025111931e-01
4.571585797558911923e-01 7.615074255748730536e-01 2.300269663149667743e-01 -7.249453051749732424e-04
6.702390220611557092e-01 4.369090584612765338e-01 -4.945850374388216508e-02 -1.897798301078723604e-01
4.801554261483446662e-01 7.613693810810393536e-01 2.298495208330475492e-01 -6.084841915054983730e-03
6.646126815308764924e-01 4.191520142118088654e-01 -6.684275704466058343e-02 -1.634619215401533765e-01
5.031220755455466653e-01 7.607476390892942142e-01 2.292638379697287121e-01 -1.022465302702446621e-02
6.572847006926543223e-01 4.040853697592678428e-01 -8.302841263130300575e-02 -1.357620081909871601e-01
5.260222917674104437e-01 7.597540842666202776e-01 2.283974448388792489e-01 -1.336965377990440018e-02
6.484073976421255159e-01 3.918144432972293645e-01 -9.726125698578114154e-02 -1.074329351730130000e-01
5.488310723415057435e-01 7.584783004032875642e-01 2.273405103683789896e-01 -1.573974110075093691e-02
6.382049050897138365e-01 3.823704129965603271e-01 -1.088851380032229699e-01 -7.919083268304039080e-02
5.715311645176780475e-01 7.569882047382008317e-01 2.261507338202628503e-01 -1.754739187981302351e-02
6.269598916973340152e-01 3.757154610935252714e-01 -1.174206972556768314e-01 -5.168482598155721419e-02
5.941100596261329470e-01 7.553308464999933802e-01 2.248585274922110244e-01 -1.899679202832516012e-02
6.149934883362442317e-01 3.717506941977147261e-01 -1.226178324639781714e-01 -2.547205028152754736e-02
6.165574904393508193e-01 7.535332227452810061e-01 2.234715102550355326e-01 -2.028389668035091020e-02
6.026414960450984237e-01 3.703263024705201745e-01 -1.244711497691564084e-01 -9.993659302875990136e-04
6.388632948908887776e-01 7.516031039909325528e-01 2.219777821138579910e-01 -2.159716501470843042e-02
5.902306854103541722e-01 3.712531640157309965e-01 -1.231971046011803850e-01 2.140668830391545541e-02
6.610155517535469816e-01 7.495297018456450466e-01 2.203476385659319803e-01 -2.311877887739566262e-02
5.780587152553532393e-01 3.743150130395322961e-01 -1.191811774062245810e-01 4.154077608981010528e-02
6.829987872899877521e-01 7.472842319807362355e-01 2.185337888635507930e-01 -2.502605975923666293e-02
5.663800532955711731e-01 3.792802914967319805e-01 -1.129095592508622126e-01 5.931073403242503872e-02
7.047921654112225820e-01 7.448203290805106569e-01 2.164702876741864124e-01 -2.749282328184943225e-02
5.553988284210722437e-01 3.859128285340858722e-01 -1.049006885106562592e-01 7.472209106323957073e-02
7.263674922963624381e-01 7.420743447365494294e-01 2.140706475139975140e-01 -3.069029061442130057e-02
5.452680877206320664e-01 3.939806581500941984e-01 -9.564831012637275975e-02 8.785751554746257241e-02
7.476870459236626409e-01 7.389655761817561785e-01 2.112257932243566394e-01 -3.478720235483567791e-02
5.360940518392617316e-01 4.032627232335992962e-01 -8.558186478241358586e-02 9.885385097996302051e-02
7.687011904453185940e-01 7.353965387414002075e-01 2.078027516311253819e-01 -3.994866691614529230e-02
5.279435627596045233e-01 4.135531968128152713e-01 -7.504500994237606193e-02 1.078791543665524877e-01
7.893459375621223462e-01 7.312534291255416985e-01 2.036451248049742091e-01 -4.633331999320811079e-02
5.208530055011948434e-01 4.246636257508501489e-01 -6.428942609520982288e-02 1.151115791228618512e-01
8.095406764224575280e-01 7.264069599750634376e-01 1.985764725154215427e-01 -5.408836323966825788e-02
5.148373641860197747e-01 4.364230492750242885e-01 -5.347983471348793927e-02 1.207212186257744513e-01
8.291863985080998312e-01 7.207138034349412914e-01 1.924076669587715394e-01 -6.334212480224588049e-02
5.098984415591854003e-01 4.486765205297021941e-01 -4.270605669792759684e-02 1.248554546348645822e-01
8.481648673056451093e-01 7.140189045445795024e-01 1.849489613403587640e-01 -7.419397012042860950e-02
5.060316955598092026e-01 4.612822531561883155e-01 -3.199898775813059260e-02 1.276278698350563623e-01
8.663392171530605035e-01 7.061588922645962718e-01 1.760268774630979749e-01 -8.670167717800270069e-02
5.032313840144877481e-01 4.741079227681964103e-01 -2.134815560439484727e-02 1.291105799217096006e-01
8.835564565875604348e-01 6.969669112522545174e-01 1.655052142418567129e-01 -1.008667955618158807e-01
5.014939432582328216e-01 4.870262341090413893e-01 -1.071978771721715518e-02 1.293297141879978795e-01
8.996521849979070007e-01 6.862789058919919194e-01 1.533082813337527384e-01 -1.166190542883915882e-01
5.008195369959159704e-01 4.999102449919841651e-01 -7.464678181134942747e-05 1.282638817448611412e-01
9.144577107740561317e-01 6.739414819592870476e-01 1.394436444854263435e-01 -1.338015159432770496e-01
5.012118598905154210e-01 5.126286734849401228e-01 1.061452634815163165e-02 1.258455187697071764e-01
9.278092959299329978e-01 6.598211509694640320e-01 1.240210442954303716e-01 -1.521586536490371344e-01
5.026762099124270078e-01 5.250414465506543227e-01 2.134606402748318033e-02 1.219651883932471037e-01
9.395590751483249292e-01 6.438145437728827192e-01 1.072642269034362883e-01 -1.713300201156009450e-01
5.052158997582953948e-01 5.369958232158433820e-01 3.207323651110982610e-02 1.164789942345589857e-01
9.495867702473730354e-01 6.258589269199735794e-01 8.951328869799546339e-02 -1.908521220991832301e-01
5.088271142840865569e-01 5.483234223544509733e-01 4.268963824799465456e-02 1.092192929499913312e-01
9.578111652515238772e-01 6.059420889837282553e-01 7.121648668700908402e-02 -2.101706734619623873e-01
5.134924249643375571e-01 5.588384680833742291e-01 5.301738849328163639e-02 1.000087942390481821e-01
9.642003323761426659e-01 5.841105306928193741e-01 5.291200685583752339e-02 -2.286643701575330478e-01
5.191733160803089220e-01 5.683375860654504841e-01 6.280019133192427105e-02 8.867790816935450238e-02
9.687795832284374908e-01 5.604748074280404557e-01 3.520147597718681354e-02 -2.456795987794413438e-01
5.258023197590454556e-01 5.766014839431430339e-01 7.170401493394873427e-02 7.508481384560505845e-02
9.716364321985009322e-01 5.352110258309583646e-01 1.871780197851280469e-02 -2.605735178323742574e-01
5.332756512369516422e-01 5.833987220449734501e-01 7.932842739644119234e-02 5.913722626871287247e-02
9.729221312143289113e-01 5.085577862812469263e-01 4.090248112431638106e-03 -2.727609272890063608e-01
5.414474989163934326e-01 5.884916596679347078e-01 8.523114663344655284e-02 4.081431735636353864e-02
9.728496198123245398e-01 4.808085022380604867e-01 -8.090260801563164961e-03 -2.817588840020590624e-01
5.501273883111293950e-01 5.916445569571908702e-01 8.896670110336568627e-02 2.018672697057244392e-02
9.716880631623281417e-01 4.522995968239186815e-01 -1.730281593004256990e-02 -2.872228123777798015e-01
5.590818983442478185e-01 5.926334861152565692e-01 9.013683215791656878e-02 -2.567574049205934017e-03
9.697544140359779519e-01 4.233955513680975891e-01 -2.312277116653382869e-02 -2.889690445331827284e-01
5.680417140225832995e-01 5.912575649006194256e-01 8.844621732922997026e-02 -2.715377137724184209e-02
9.674026767129981774e-01 3.944722646692736534e-01 -2.524065540084052817e-02 -2.869811484111639555e-01
5.767140916410488094e-01 5.873507666588178022e-01 8.375320904169258895e-02 -5.315863126076347811e-02
9.650116857787338631e-01 3.659005701326772386e-01 -2.347269702565601968e-02 -2.814005114083056869e-01
5.847998017866372633e-01 5.807934989351624111e-01 7.610367111499094506e-02 -8.005762913709801865e-02
9.629722708859985714e-01 3.380311401966034079e-01 -1.776326215806312003e-02 -2.725042826598467194e-01
5.920123755281332389e-01 5.715230379828548646e-01 6.573791056646571818e-02 -1.072304429139414594e-01
9.616745796253377554e-01 3.111819581138670077e-01 -8.180633239828621894e-03 -2.606754074502108942e-01
5.980967393094519524e-01 5.595420893692627518e-01 5.306655279785355006e-02 -1.339836812816463940e-01
9.614961194200329908e-01 2.856290123720289231e-01 5.091391188207297636e-03 -2.463697788897701579e-01
6.028442521194703474e-01 5.449247696713241940e-01 3.861881010813750237e-02 -1.595794254377613797e-01
9.627908072101385439e-01 2.616002453982737563e-01 2.176316274199105449e-02 -2.300845897574427257e-01
6.061017328204489907e-01 5.278195935308274134e-01 2.297349188662423103e-02 -1.832682449132150282e-01
9.658790217511022957e-01 2.392726150126345819e-01 4.144759705327488719e-02 -2.123305917868870130e-01
6.077732898706320608e-01 5.084489733741536233e-01 6.686294719282503962e-03 -2.043257030723277801e-01
9.710384410551974321e-01 2.187717128905570518e-01 6.366602349310024334e-02 -1.936093710960123948e-01
6.078151942629146376e-01 4.871050825345731861e-01 -9.773636393262119526e-03 -2.220913407346980506e-01
9.784953970100884746e-01 2.001735438914351850e-01 8.785205157790798580e-02 -1.743957525734279868e-01
6.062251032140952844e-01 4.641418305073722883e-01 -2.606886807116071125e-02 -2.360081972421768093e-01
9.884166213841195647e-01 1.835078411429187928e-01 1.133562535175075547e-01 -1.551246230357961053e-01
6.030276824619712484e-01 4.399630246470612738e-01 -4.201635527695257721e-02 -2.456593551289354416e-01
1.000901628202566007e+00 1.687626680336875018e-01 1.394563202035403737e-01 -1.361814530240201826e-01
5.982589790478781699e-01 4.150072800510073989e-01 -5.758764712315844747e-02 -2.507964474152135637e-01
1.015976468745195316e+00 1.558896711193736573e-01 1.653781551667898864e-01 -1.178955398150466349e-01
5.919516368496368086e-01 3.897305368222441779e-01 -7.288962982493485399e-02 -2.513543634341530719e-01
1.033590106121567764e+00 1.448100965563832443e-01 1.903319091708932653e-01 -1.005357488301217295e-01
5.841227760309251060e-01 3.645878902158866119e-01 -8.812985397010919542e-02 -2.474478142944214198e-01
1.053614914729264607e+00 1.354209906979654543e-01 2.135633012569776445e-01 -8.430827422474529431e-02
5.747658886855500082e-01 3.400164774350483143e-01 -1.035707297078469757e-01 -2.393486065628558368e-01
1.075852641536759746e+00 1.276015736547028989e-01 2.344147718193190233e-01 -6.935657412623918994e-02
5.638476615369527600e-01 3.164212688601940604e-01 -1.194760566002039948e-01 -2.274466943362474236e-01
1.100046374250024828e+00 1.212194588682825730e-01 2.523854823535676140e-01 -5.576352211239532508e-02
5.513103929365527067e-01 2.941651301407732788e-01 -1.360524188587231009e-01 -2.122018325639851710e-01
1.125897881858165750e+00 1.161365949386764795e-01 2.671764086081829248e-01 -4.355587048324172095e-02
5.370803669420876059e-01 2.735637983910174098e-01 -1.533875198106438020e-01 -1.940944551956369502e-01
1.153088388063145064e+00 1.122145835756028498e-01 2.787089722032509709e-01 -3.271078644062619389e-02
5.210823823852612779e-01 2.548854134499626833e-01 -1.713884370223295317e-01 -1.735838820772495072e-01
1.181299928135619348e+00 1.093192976692667628e-01 2.871123303757605605e-01 -2.316406374006096947e-02
5.032602091096340935e-01 2.383537973660910803e-01 -1.897255974860068140e-01 -1.510797400378072197e-01
1.210234321660478063e+00 1.073246069459080909e-01 2.926831300584242790e-01 -1.481925317181609358e-02
4.836019969811087837e-01 2.241539086648945134e-01 -2.077937744336677550e-01 -1.269292131678145807e-01
1.239627429032365225e+00 1.061151746729721984e-01 2.958282865721251209e-01 -7.556865258551148656e-03
4.621682528065707563e-01 2.124379712508325246e-01 -2.247077768059713154e-01 -1.014198197646365429e-01
1.269257558507845607e+00 1.055883697142884631e-01 2.970038280106224171e-01 -1.242811804857968383e-03
4.391181073340951202e-01 2.033308010148034695e-01 -2.393543044147683485e-01 -7.479507102212124003e-02
1.298948068795915622e+00 1.056553755589691029e-01 2.966609371247985738e-01 4.264553377097968223e-03
4.147275292772459321e-01 1.969332325497686054e-01 -2.505161098564911981e-01 -4.727872701323909688e-02
1.328565187239156176e+00 1.062416842299979958e-01 2.952058315089378659e-01 9.109175327232099662e-03
3.893922941358671785e-01 1.933229879549994423e-01 -2.570644468576077646e-01 -1.910237047014762268e-02
1.358012499439255949e+00 1.072871468981707321e-01 2.929753455394035200e-01 1.343393191827191302e-02
3.636101354828347176e-01 1.925529158610314595e-01 -2.581828667073959860e-01 9.469416348273362871e-03
1.387223607809799031e+00 1.087457835520223709e-01 2.902265282787863665e-01 1.737906256404908589e-02
3.379414737664197532e-01 1.946470605678357890e-01 -2.535554403902684495e-01 3.812146880111111358e-02
1.416154214537739930e+00 1.105854873655876813e-01 2.871367739930297258e-01 2.108215861953977033e-02
3.129551867731376058e-01 1.995955032214798419e-01 -2.434492742779681418e-01 6.648142093779174644e-02
1.444774502540046024e+00 1.127878038203109778e-01 2.838106194780198877e-01 2.467942808448420067e-02
2.891716200254453861e-01 2.073490270981537542e-01 -2.286569993070752815e-01 9.412468364097814622e-02
1.473062340596221098e+00 1.153478872154997115e-01 2.802898802015119095e-01 2.830794022454230507e-02
2.670163026217882152e-01 2.178147184644952661e-01 -2.103229050608168560e-01 1.205889299978057938e-01
1.500997534324594485e+00 1.182747056605108760e-01 2.765646935666554729e-01 3.210856275304152518e-02
2.467934785516875396e-01 2.308532384515023794e-01 -1.897205491561970714e-01 1.453948723813269783e-01
1.528557148828909806e+00 1.215915716892500831e-01 2.725839579956201852e-01 3.622932432181813489e-02
2.286813402166027187e-01 2.462782510477395381e-01 -1.680547343993477050e-01 1.680707080418952781e-01
1.555711796450801376e+00 1.253370069430917444e-01 2.682644859065830278e-01 4.082891772241858952e-02
2.127445605235518955e-01 2.638583071633073818e-01 -1.463322889250218140e-01 1.881789336473371765e-01
1.582422776444969870e+00 1.295659627803722180e-01 2.634988049386721709e-01 4.608004778444696470e-02
1.989567182363870534e-01 2.833213653588885217e-01 -1.253089207571556063e-01 2.053448216708664287e-01
1.608639920996749684e+00 1.343513396694502593e-01 2.581620323002797868e-01 5.217224617604099279e-02
1.872256026693775999e-01 3.043621444265888210e-01 -1.054942591338647873e-01 2.192850668027157557e-01
1.634300116616475229e+00 1.397857770857858228e-01 2.521184864351377897e-01 5.931372268688783755e-02
1.774165605617597785e-01 3.266521733057564658e-01 -8.718951611044745142e-02 2.298334014806668879e-01
1.659326469028766349e+00 1.459835260419647396e-01 2.452288482349129772e-01 6.773163944637228262e-02
1.693715037323014760e-01 3.498521048996144356e-01 -7.053621156952183391e-02 2.369587546076357132e-01
1.683628248735027366e+00 1.530822853501776493e-01 2.373584614134838233e-01 7.767009917863942903e-02
1.629230595475704702e-01 3.736254003088104736e-01 -5.556254607103072729e-02 2.407716724640851513e-01
1.707101704870501280e+00 1.612446664983857580e-01 2.283870616306971080e-01 8.938484139311975163e-02
1.579043612637645311e-01 3.976521319750854211e-01 -4.222128364636534847e-02 2.415165729560686536e-01
1.729631912800419835e+00 1.706590213063203521e-01 2.182195262476205322e-01 1.031334694381880190e-01
1.541554412297790333e-01 4.216414333457785824e-01 -3.041783745716397647e-02 2.395502838627161513e-01
1.751095730809699713e+00 1.815389563445206911e-01 2.067966334735882317e-01 1.191595899174835438e-01
1.515271433633658960e-01 4.453414396607078274e-01 -2.002958997618375925e-02 2.353103169677739359e-01
1.771365782609397810e+00 1.941210427746343226e-01 1.941040597246146415e-01 1.376690975732342004e-01
1.498833911899286886e-01 4.685458432561253606e-01 -1.091842605563386748e-02 2.292781270465948928e-01
1.790315218370377881e+00 2.086597399411419806e-01 1.801776471042904060e-01 1.587965452500006425e-01
1.491023897248661967e-01 4.910967690519215667e-01 -2.938438350280625500e-03 2.219429741691369973e-01
1.807822821010030223e+00 2.254185263434496655e-01 1.651031443471173699e-01 1.825598804384986895e-01
1.490771953852250420e-01 5.128842753105248287e-01 4.059590930777234874e-03 2.137709249928898547e-01
1.823777830241908537e+00 2.446560680964446344e-01 1.490095304229610562e-01 2.088029767491339506e-01
1.497159268808421484e-01 5.338430486737700820e-01 1.022571726599919018e-02 2.051816527463140583e-01
1.838083858788108316e+00 2.666062009150962919e-01 1.320563698913035378e-01 2.371282213191328037e-01
1.509417749928075869e-01 5.539471317965010133e-01 1.570957011177986917e-02 1.965337586996157571e-01
1.850661352866578291e+00 2.914510981796918365e-01 1.144169826904073428e-01 2.668269796224365109e-01
1.526929159322957530e-01 5.732034966031730461e-01 2.065978804872969921e-02 1.881178142079664717e-01
1.861448269988058790e+00 3.192879829354418053e-01 9.626028418807663911e-02 2.968241046355513113e-01
1.549223919279547335e-01 5.916451979984185261e-01 2.522387143946702714e-02 1.801554501256602547e-01
1.870398995301908895e+00 3.500916630621103143e-01 7.773450346262866795e-02 3.256626307165944034e-01
1.575979849803645916e-01 6.093245849455527496e-01 2.954828794490826915e-02 1.728025637269536841e-01
1.877481766591169166e+00 3.836781439328132981e-01 5.895560144589251372e-02 3.515616451808811771e-01
1.607021097649803942e-01 6.263069533344801654e-01 3.377877599679279808e-02 1.661548663066392262e-01
1.882675183602626312e+00 4.196780292564200598e-01 4.000207682805512199e-02 3.725756656594580996e-01
1.642317499125875713e-01 6.426647840263430833e-01 3.806080844936943208e-02 1.602543922129412435e-01
1.885964485437324756e+00 4.575296166983723878e-01 2.091699558351423072e-02 3.868582570086542827e-01
1.681984414998807242e-01 6.584726546789350099e-01 4.254019830667032931e-02 1.550960303606935264e-01
1.887338264165542068e+00 4.965013706762998469e-01 1.716284121766609161e-03 3.929878048015977843e-01
1.726283230169156913e-01 6.738027715493751790e-01 4.736379595991768721e-02 1.506335667728064820e-01
1.886786216130768246e+00 5.357463561285077391e-01 -1.759824409808263823e-02 3.902657734720926808e-01
1.775622581940751454e-01 6.887210780315369263e-01 5.268020021077790549e-02 1.467850471829901249e-01
1.884298284443365112e+00 5.743817940497183416e-01 -3.702343335382218825e-02 3.788819816878674640e-01
1.830560254411291721e-01 7.032838863426502662e-01 5.864034405798912442e-02 1.434375000875648398e-01
1.879865347084104465e+00 6.115776439069529058e-01 -5.653936650459878699e-02 3.598796359909062215e-01
1.891805509508323602e-01 7.175349535805880530e-01 6.539772327840420729e-02 1.404512161139875870e-01
1.873481361616296637e+00 6.466342335711809941e-01 -7.609608172406967519e-02 3.349317775624971461e-01
1.960221395173986914e-01 7.315029769529524106e-01 7.310792658407616607e-02 1.376638419474385255e-01
1.865146679063607760e+00 6.790328953970534709e-01 -9.560400896987952812e-02 3.060138934335432381e-01
2.036826090052543115e-01 7.451994994920864146e-01 8.192695733280630499e-02 1.348945580965932312e-01
1.854872139414637688e+00 7.084534992218560756e-01 -1.149295050378862371e-01 2.750818798198662041e-01
2.122791846287437612e-01 7.586172681807205054e-01 9.200762178182553264e-02 1.319485591986385709e-01
1.842683377162699365e+00 7.347627586455294235e-01 -1.338966580041733856e-01 2.438357763444309878e-01
2.219439174359291722e-01 7.717290247095586198e-01 1.034929395880151981e-01 1.286220130871512657e-01
1.828624683478061064e+00 7.579832267075732322e-01 -1.522960724129052146e-01 2.135973613814901029e-01
2.328222740344791097e-01 7.844868527862547403e-01 1.165052040258407473e-01 1.247075274903725051e-01
1.812761749871200756e+00 7.782540699553994745e-01 -1.699004157570960238e-01 1.852864334773995925e-01
2.450703949644453816e-01 7.968220828200487382e-01 1.311289098762657979e-01 1.200001069744799365e-01
1.795182679666522896e+00 7.957920404173710605e-01 -1.864849497323906036e-01 1.594612116274929381e-01
2.588503334167608916e-01 8.086458155072667742e-01 1.473855287779934908e-01 1.143034816762644734e-01
1.775996859442728670e+00 8.108578358976885614e-01 -2.018499755535030360e-01 1.363884627979261577e-01
2.743223803593809462e-01 8.198500998412104890e-01 1.651982739839241709e-01 1.074366570638640717e-01
1.755331692808921762e+00 8.237299439226206665e-01 -2.158412188459080117e-01 1.161189546010354956e-01
2.916334459840431159e-01 8.303097786222728427e-01 1.843461477045449382e-01 9.924054165943996253e-02
1.733327524327982871e+00 8.346855608255602244e-01 -2.283642455795653614e-01 9.855510806414113922e-02
3.109004803056105715e-01 8.398850119726397612e-01 2.044095201679529961e-01 8.958453495688800672e-02
1.710131442963635173e+00 8.439880365712303378e-01 -2.393906790368327542e-01 8.350537492388121485e-02
3.321884012864086411e-01 8.484244556976983098e-01 2.247152138187824555e-01 7.837295613877248712e-02
1.685890824306631508e+00 8.518791273538034448e-01 -2.489556020293659522e-01 7.072517576103831694e-02
3.554830589386007156e-01 8.557690916444339324e-01 2.442977665752243954e-01 6.555108082034744044e-02
1.660747415958504947e+00 8.585749297315485862e-01 -2.571477043210312896e-01 5.994603180861646230e-02
3.806618931468606082e-01 8.617566246249097617e-01 2.619034313797174995e-01 5.111028833493236334e-02
1.634832574569031083e+00 8.642643466936659191e-01 -2.640948847040802683e-01 5.089529796567515696e-02
4.074677968294697639e-01 8.662263433242101129e-01 2.760685947171548360e-01 3.509137064608425227e-02
1.608264002027475215e+00 8.691092517020990726e-01 -2.699483450489814640e-01 4.330875526259436725e-02
4.354946536567714244e-01 8.690241601725768872e-01 2.852948392945142686e-01 1.758460923748095261e-02
1.581144013442653540e+00 8.732456468619119727e-01 -2.748676740105260308e-01 3.693795633599727957e-02
4.641940412471549093e-01 8.700074794156793523e-01 2.883106121412404299e-01 -1.274939660789176088e-03
1.553559183517122966e+00 8.767854605814866531e-01 -2.790084795284419883e-01 3.155375446345365376e-02
4.929096940536221161e-01 8.690492957769097027e-01 2.843596782590995797e-01 -2.131793454263064547e-02
1.525581102537649558e+00 8.798185183522835295e-01 -2.825129806240112007e-01 2.694716791373785725e-02
5.209385576056870804e-01 8.660409490212045425e-01 2.734166689964678820e-01 -4.235653759676605290e-02
1.497267955240226822e+00 8.824145503107245769e-01 -2.855032075685381976e-01 2.292837142023329555e-02
5.476071939961453250e-01 8.608930942610282244e-01 2.562366239119984179e-01 -6.420288769376503168e-02
1.468666724583205907e+00 8.846250260004542287e-01 -2.880758939206862213e-01 1.932445530331006189e-02
5.723452309109473557e-01 8.535348022542135205e-01 2.342095722952797221e-01 -8.668576404260996959e-02
1.439815872689136134e+00 8.864847102249217015e-01 -2.902980188630721603e-01 1.597641283851425342e-02
5.947381251826788784e-01 8.439111873856682822e-01 2.090768586836266874e-01 -1.096604493704134153e-01
1.410748496651226258e+00 8.880129313207723030e-01 -2.922021002972619019e-01 1.273572333010397628e-02
6.145494808509229800e-01 8.319804892404168983e-01 1.826163338186637120e-01 -1.330080234146491236e-01
1.381496011067048890e+00 8.892144579996179576e-01 -2.937806522669561549e-01 9.460847730236032760e-03
6.317139055910804268e-01 8.177117327179945772e-01 1.563920709810040499e-01 -1.566228839157413066e-01
1.352092436175399870e+00 8.900800602475121837e-01 -2.949797840434698060e-01 6.013891610395782905e-03
6.463089691674783754e-01 8.010841316910100041e-01 1.316128210200606663e-01 -1.803898070067838644e-01
1.322579372680526610e+00 8.905867410220480451e-01 -2.956925041833202705e-01 2.257702833713404189e-03
6.585172151029058396e-01 7.820891589522533938e-01 1.090920633342595814e-01 -2.041537677816701590e-01
1.293011626834153605e+00 8.906977065033828689e-01 -2.957530247614525987e-01 -1.946338309272155342e-03
6.685871336872091231e-01 7.607358837896524006e-01 8.927567009958670141e-02 -2.276868427773109937e-01
1.263463315995174474e+00 8.903621572642940185e-01 -2.949340726678129077e-01 -6.739549911205511279e-03
6.767984244911408043e-01 7.370594924856247454e-01 7.230066914262756050e-02 -2.506576534926779898e-01
1.234034045666399182e+00 8.895150200593203715e-01 -2.929498035160460478e-01 -1.226589514333187303e-02
6.834335321199052071e-01 7.111327171808655701e-01 5.805921825426108018e-02 -2.726095094975067301e-01
1.204854461758150252e+00 8.880767504496889231e-01 -2.894671084774369518e-01 -1.867034115157761853e-02
6.887553626431742737e-01 6.830787953241650445e-01 4.625452212393688090e-02 -2.929545720210813275e-01
1.176090243749909892e+00 8.859533779303243595e-01 -2.841275895879014080e-01 -2.609536326608763446e-02
6.929901943831849875e-01 6.530841758071646019e-01 3.644526402717118696e-02 -3.109908577169501198e-01
1.147943395932663257e+00 8.830370157581978185e-01 -2.765809252250339689e-01 -3.467544244101228301e-02
6.963146904643010560e-01 6.214086045473473652e-01 2.808082571678638395e-02 -3.259464574842385609e-01
1.120649764791286751e+00 8.792069710898005042e-01 -2.665276397327553948e-01 -4.452960830278462900e-02
6.988462704969143902e-01 5.883895633239686340e-01 2.053183468901653708e-02 -3.370501696041416917e-01
1.094471977865576928e+00 8.743317193231013862e-01 -2.537659658310986721e-01 -5.575234467841694297e-02
7.006366008355242592e-01 5.544390586659799780e-01 1.312080571622131764e-02 -3.436196024299981167e-01
1.069687747434517444e+00 8.682718260185849912e-01 -2.382345236154326251e-01 -6.840346793157703331e-02
7.016683429034479280e-01 5.200312512696060319e-01 5.156232302239160958e-03 -3.451503977763836772e-01
1.046574313903422704e+00 8.608838740156098401e-01 -2.200415102245056875e-01 -8.249784481245692191e-02
7.018556000304544407e-01 4.856818356590831276e-01 -4.028302361819280364e-03 -3.413859950736342075e-01
1.025390703810156401e+00 8.520254027831015708e-01 -1.994730863957849820e-01 -9.799588304368334057e-02
7.010485167653186522e-01 4.519217653820036817e-01 -1.503028444413412323e-02 -3.323504556007605970e-01
1.006360086860524250e+00 8.415607248675704977e-01 -1.769785244829652493e-01 -1.147956316810416766e-01
6.990424205503046329e-01 4.192692473968027689e-01 -2.833119615991419593e-02 -3.183367308472184742e-01
9.896544591956835113e-01 8.293673470986646645e-01 -1.531357060654409130e-01 -1.327271610257474421e-01
6.955916948707421277e-01 3.882044473337260548e-01 -4.424799654803579507e-02 -2.998558936186113133e-01
9.753833560219878906e-01 8.153429393042267437e-01 -1.286054459731511557e-01 -1.515494244316156758e-01
6.904284077661010377e-01 3.591502192976586127e-01 -6.288494788439513705e-02 -2.775635586059477244e-01
9.635873464389351772e-01 7.994123768133052366e-01 -1.040845771550780174e-01 -1.709498745963711208e-01
6.832855334016331161e-01 3.324604454629170869e-01 -8.408813019847305448e-02 -2.521835967203567286e-01
9.542360886474432480e-01 7.815347421955620710e-01 -8.026593335472287372e-02 -1.905468790166370274e-01
6.739243122066015390e-01 3.084154622933242273e-01 -1.074073759134430706e-01 -2.244456880698408874e-01
9.472300593144623582e-01 7.617098826351006435e-01 -5.780922453409165218e-02 -2.098953306699929966e-01
6.621646723657058642e-01 2.872230533898532112e-01 -1.320747127844801305e-01 -1.950454398651213506e-01
9.424048500990219734e-01 7.399842838726190530e-01 -3.732258361827806015e-02 -2.284959530500160763e-01
6.479165307247288785e-01 2.690225661892763909e-01 -1.570141309227557347e-01 -1.646271469771254381e-01
9.395370371225089112e-01 7.164558264175620028e-01 -1.935151945587840205e-02 -2.458091008118029608e-01
6.312081619124314535e-01 2.538901504456888003e-01 -1.809006440582627828e-01 -1.337831588843485520e-01
9.383510539179418242e-01 6.912769853386551144e-01 -4.370980810804170336e-03 -2.612737875541410459e-01
6.122061437621115765e-01 2.418437978549839718e-01 -2.022821629817095346e-01 -1.030610102085993685e-01
9.385268843249072734e-01 6.646558831111569754e-01 7.223195054670977777e-03 -2.743324182229167629e-01
5.912206915749592673e-01 2.328477645082585867e-01 -2.197611396539955742e-01 -7.296983455667982454e-02
9.397087187269218544e-01 6.368547080194348897e-01 1.512550221790393001e-02 -2.844609143870871493e-01
5.686914737779007467e-01 2.268166089058906987e-01 -2.322064282661573387e-01 -4.398009937484070875e-02
9.415148390465296613e-01 6.081849614363650236e-01 1.913472769642099447e-02 -2.912029269802607345e-01
5.451529733399885780e-01 2.236196842775684257e-01 -2.389410651212897641e-01 -1.651460888180134035e-02
9.435489237375335181e-01 5.789992574890341359e-01 1.916895675004026689e-02 -2.942054749474620756e-01
5.211842964935192724e-01 2.230868185436812035e-01 -2.398468121750374493e-01 9.067272543905602333e-03
9.454127429251628634e-01 5.496797205216753524e-01 1.527878782346669961e-02 -2.932520964740725766e-01
4.973532760453671653e-01 2.250156117101841657e-01 -2.353508073357768460e-01 3.248735890720721997e-02
9.467199046777581284e-01 5.206232401336571280e-01 7.655517712812365261e-03 -2.882888252286885944e-01
4.741665191900373277e-01 2.291803534316401991e-01 -2.263032749041937741e-01 5.356267815392889986e-02
9.471100135705747824e-01 4.922247402536226724e-01 -3.368419546762035921e-03 -2.794382617694879389e-01
4.520345327638657928e-01 2.353419276765602308e-01 -2.137932817725118895e-01 7.221158783085601662e-02
9.462623789954872633e-01 4.648595401933126592e-01 -1.732859262679187218e-02 -2.669983498009009804e-01
4.312557220792916923e-01 2.432578560639359899e-01 -1.989615308270464844e-01 8.845051908956680364e-02
9.439082894064547702e-01 4.388665467997286962e-01 -3.364777512518402069e-02 -2.514246325024949158e-01
4.120175452011266559e-01 2.526915903707442901e-01 -1.828545680739035451e-01 1.023826260888871520e-01
9.398408908149674668e-01 4.145338416032896545e-01 -5.166453207611221288e-02 -2.332976186784907480e-01
3.944099008483085145e-01 2.634203839731772412e-01 -1.663383157636533216e-01 1.141810966401313188e-01
9.339218499788262129e-01 3.920880020198527216e-01 -7.066950163947538499e-02 -2.132794518563962960e-01
3.784448261433512872e-01 2.752413894724031196e-01 -1.500662303796640451e-01 1.240702184011899245e-01
9.260841510620370087e-01 3.716879190533310950e-01 -8.994692307640050899e-02 -1.920656510084883806e-01
3.640776971072059998e-01 2.879758342244245761e-01 -1.344860533873670771e-01 1.323065854964833310e-01
9.163307008531540454e-01 3.534234729634121441e-01 -1.088180694164275764e-01 -1.703380817646982237e-01
3.512267687479629363e-01 3.014714092397758338e-01 -1.198676304985102359e-01 1.391619706588020922e-01
9.047287306299559573e-01 3.373186360645650805e-01 -1.266826312115720832e-01 -1.487243700623586129e-01
3.397895564068129093e-01 3.156030757310309132e-01 -1.063382419549951940e-01 1.449085531880778266e-01
8.914003926558629054e-01 3.233382693943903097e-01 -1.430535228677531912e-01 -1.277673187527472720e-01
3.296556620606543309e-01 3.302724851440050902e-01 -9.391709726927488511e-02 1.498066373277484598e-01
8.765104113753761084e-01 3.113974393808489616e-01 -1.575808587991889276e-01 -1.079059210526422952e-01
3.207163119610874635e-01 3.454063326461527250e-01 -8.254490414805193410e-02 1.540947089789801439e-01
8.602519670936392693e-01 3.013721828627929922e-01 -1.700619079517129428e-01 -8.946779182783526352e-02
3.128712069829727715e-01 3.609537860774649221e-01 -7.210734898066561982e-02 1.579814648579314085e-01
8.428322481785613940e-01 2.931105745017669739e-01 -1.804360780371938588e-01 -7.267147086875702655e-02
3.060332326867767350e-01 3.768832204225747162e-01 -6.245276902225316285e-02 1.616394399509002433e-01
8.244590817958045159e-01 2.864432367119134626e-01 -1.887665269997840234e-01 -5.763623803917150568e-02
3.001316230619420211e-01 3.931783662364028431e-01 -5.340503353434833400e-02 1.651998210276672818e-01
8.053298210681014702e-01 2.811926429896655644e-01 -1.952122908946418711e-01 -4.439676599271580315e-02
2.951139800151970083e-01 4.098339826422640608e-01 -4.477277584097327789e-02 1.687481086740105773e-01
7.856232056643513983e-01 2.771808198223599251e-01 -1.999960534612710283e-01 -3.292002799526461132e-02
2.909474913326582368e-01 4.268511208493937503e-01 -3.635607084828684776e-02 1.723203797709960128e-01
7.654943910576880173e-01 2.742353742847720710e-01 -2.033725373315475871e-01 -2.312228798706517097e-02
2.876195409731856500e-01 4.442320637753391366e-01 -2.795147497833272432e-02 1.759000577521152575e-01
7.450729419679438248e-01 2.721938603658610734e-01 -2.056014168083653004e-01 -1.488458950538174008e-02
2.851378701369081670e-01 4.619749296774796621e-01 -1.935624808699354382e-02 1.794152683469441012e-01
7.244632277006202159e-01 2.709067012078985592e-01 -2.069269300908338494e-01 -8.065748860475174808e-03
2.835303128771170522e-01 4.800680810617797278e-01 -1.037238456930156261e-02 1.827371036607072785e-01
7.037465420785479209e-01 2.702389490817357909e-01 -2.075647305838090872e-01 -2.512414144784091974e-03
2.828441220167342562e-01 4.984843973110290039e-01 -8.110806852534846456e-04 1.856793233924458608e-01
6.829842264664114371e-01 2.700711927231628229e-01 -2.076952784757502002e-01 1.933855527103123251e-03
2.831448160690885896e-01 5.171756185096036962e-01 9.501799697747559392e-03 1.880002317780626875e-01
6.622212313733820688e-01 2.702998361487675694e-01 -2.074624164058458398e-01 5.432220277767907390e-03
2.845144123782826773e-01 5.360669863461277052e-01 2.071863833275067179e-02 1.894075812268469772e-01
6.414896516716480646e-01 2.708371057801560733e-01 -2.069754121702960248e-01 8.140496936259733474e-03
2.870488615864240645e-01 5.550525270954644874e-01 3.296069214439589778e-02 1.895673271343212285e-01
6.208119760076289406e-01 2.716108922073342535e-01 -2.063129906498817334e-01 1.021490590724649650e-02
2.908544462942307951e-01 5.739914240419476954e-01 4.630575827641036923e-02 1.881168146741774017e-01
6.002038984705820868e-01 2.725646484646390144e-01 -2.055280201654352545e-01 1.181113531284472273e-02
2.960427933303456660e-01 5.927058592054161856e-01 6.077218409755724693e-02 1.846825324683387670e-01
5.796766780729218915e-01 2.736574319587153359e-01 -2.046519108830913147e-01 1.308623251428109313e-02
3.027241378624351276e-01 6.109808713523343648e-01 7.629892805061100347e-02 1.789018748490911470e-01
5.592390952301057316e-01 2.748641685590020312e-01 -2.036980773501007036e-01 1.420087163139793773e-02
3.109984551574242473e-01 6.285664557011843012e-01 9.272196281606692736e-02 1.704476189981485312e-01
5.388991223739338920e-01 2.761761204299860162e-01 -2.026641432797959830e-01 1.532156581468546719e-02
3.209441592352083594e-01 6.451822270960743122e-01 1.097488846885097402e-01 1.590530978937132467e-01
5.186654468956064523e-01 2.776015664435262376e-01 -2.015327581206260987e-01 1.662242951616654807e-02
3.326043257221287797e-01 6.605245284258587368e-01 1.269357586056174547e-01 1.445356671569975049e-01
4.985489827941101959e-01 2.791666363973117071e-01 -2.002711184806438283e-01 1.828612974236198951e-02
3.459709521996082726e-01 6.742757856007690620e-01 1.436734507129222571e-01 1.268159977169114327e-01
4.785644651837892005e-01 2.809161708950262959e-01 -1.988294879781693503e-01 2.050371457340549597e-02
3.609686122645604511e-01 6.861155299935337570e-01 1.591937473580107287e-01 1.059311520654193650e-01
4.587322429843570526e-01 2.829145056510300460e-01 -1.971391250382703575e-01 2.347300082777836749e-02
3.774398915167784252e-01 6.957324560250368606e-01 1.726070072011198775e-01 8.204014142337845428e-02
4.390802952093063038e-01 2.852460253682519431e-01 -1.951101932171073194e-01 2.739524498918122219e-02
3.951362059812721372e-01 7.028366596914663589e-01 1.829799161773282279e-01 5.542146706838391168e-02
4.196464328111541575e-01 2.880152987056899816e-01 -1.926303676430540790e-01 3.246982816645926917e-02
4.137179770974582227e-01 7.071713276298278172e-01 1.894520025302881550e-01 2.646312673160178264e-02
4.004805981705135687e-01 2.913465843978959025e-01 -1.895649484051631362e-01 3.888665983664552073e-02
4.327674404621730253e-01 7.085230638524929736e-01 1.913733027117392460e-01 -4.353478688656764461e-03
3.816470569793424805e-01 2.953824493106478877e-01 -1.857593309728677866e-01 4.681603043427129407e-02
4.518149412735041337e-01 7.067303951985779431e-01 1.884294413626030895e-01 -3.647335112405558633e-02
3.632262309111859988e-01 3.002812953450325062e-01 -1.810445073024968821e-01 5.639565772708188263e-02
4.703758069578485856e-01 7.016901304033481557e-01 1.807141447179860805e-01 -6.928810044465327778e-02
3.453158428550842096e-01 3.062134349556404622e-01 -1.752460602466587858e-01 6.771479462569507390e-02
4.879913380940516521e-01 6.933617564002909628e-01 1.687210260253868555e-01 -1.021530389028191266e-01
3.280310006160378489e-01 3.133554748295009906e-01 -1.681964577199268618e-01 8.079558702633882206e-02
5.042655587615997304e-01 6.817702577918141049e-01 1.532532450387869005e-01 -1.343984022544875145e-01
3.115029528750096754e-01 3.218827556859306105e-01 -1.597497363559075012e-01 9.557231803875021470e-02
5.188904586400608920e-01 6.670080800871515114e-01 1.352782256630602475e-01 -1.653341965904275845e-01
2.958763107353001853e-01 3.319596859399364108e-01 -1.497968484531764233e-01 1.118700551777651597e-01
5.316559070410070698e-01 6.492368716885478230e-01 1.157695890471877043e-01 -1.942513644589971555e-01
2.813047834586053786e-01 3.437279963579933928e-01 -1.382793457516129365e-01 1.293852781511506400e-01
5.424445459075430964e-01 6.286891292872889281e-01 9.557445700136835143e-02 -2.204249837101102116e-01
2.679456502883159619e-01 3.572933171058269020e-01 -1.251988925102254235e-01 1.476725021570812757e-01
5.512152258772792246e-01 6.056693215153363674e-01 7.532787156538933715e-02 -2.431266489036354450e-01
2.559535308931208397e-01 3.727108023907377832e-01 -1.106207845880113894e-01 1.661419849752210354e-01
5.579799521414431362e-01 5.805533261253977839e-01 5.541809497411342988e-02 -2.616518318468430415e-01
2.454740493938838142e-01 3.899712154743841808e-01 -9.467070775925900961e-02 1.840743963643642900e-01
5.627792140746772365e-01 5.537845433611359169e-01 3.599470960180539691e-02 -2.753637467142744377e-01
2.366380693985756789e-01 4.089893144521433155e-01 -7.752557411311311597e-02 2.006574166685259897e-01
5.656594991525404348e-01 5.258652190760797485e-01 1.700731774162411725e-02 -2.837488145002176054e-01
2.295570318039270030e-01 4.295968459634655900e-01 -5.940048614788695502e-02 2.150462954653153957e-01
5.666556169621898009e-01 4.973420463086379306e-01 -1.736595603429869072e-03 -2.864727164306191121e-01
2.243196765688952599e-01 4.515424382019946892e-01 -4.053449633584227385e-02 2.264450233921411204e-01
5.657793468344927135e-01 4.687866773171529000e-01 -2.050308474388362612e-02 -2.834227333312067110e-01
2.209901618935294354e-01 4.745000725804304209e-01 -2.117759637099148051e-02 2.341978098813202180e-01
5.630152535851261630e-01 4.407728140929197402e-01 -3.955863493027012012e-02 -2.747241347883511153e-01
2.196074071850520060e-01 4.980865588695148616e-01 -1.580430827874401700e-03 2.378742813211043305e-01
5.583238443770802695e-01 4.138528536431835825e-01 -5.909710099755161039e-02 -2.607252161945794455e-01
2.201853819684210789e-01 5.218865820742374373e-01 1.801289574443476482e-02 2.373294221910682289e-01
5.516518754944952363e-01 3.885369823359809960e-01 -7.917132611306998413e-02 -2.419550004448267622e-01
2.227139974480390472e-01 5.454822694306026287e-01 3.736968565842824219e-02 2.327232003634938096e-01
5.429490616015220095e-01 3.652772070800659465e-01 -9.963500940957104035e-02 -2.190653034389589138e-01
2.271604540341834733e-01 5.684828649577970960e-01 5.627229997945404349e-02 2.244942563650598188e-01
5.321898331598915455e-01 3.444572435760873685e-01 -1.201028545783078272e-01 -1.927718453476057192e-01
2.334709416303137330e-01 5.905502353500330370e-01 7.452184151712781812e-02 2.132942014398953035e-01
5.193978764783632185e-01 3.263878371173732917e-01 -1.399398105103588641e-01 -1.638066981363150987e-01
2.415727353596147098e-01 6.114167142683907263e-01 9.194241328003283087e-02 1.998985858370216917e-01
5.046700855956783860e-01 3.113063077249080823e-01 -1.582915090322933871e-01 -1.328885567697390968e-01
2.513767139463914946e-01 6.308938611910607230e-01 1.083860442438466798e-01 1.851142160738672438e-01
4.881953750777722201e-01 2.993783748789020649e-01 -1.741652719197683830e-01 -1.007104504027744873e-01
2.627803638732932878e-01 6.488723453191149737e-01 1.237375708632026949e-01 1.696995884301055746e-01
4.702633610642220630e-01 2.907007988160995593e-01 -1.865604238107665402e-01 -6.793951447259249932e-02
2.756712204721861736e-01 6.653147492147710729e-01 1.379185406089056265e-01 1.543084096333746658e-01
4.512585978785400020e-01 2.853039447167780573e-01 -1.946291544735467838e-01 -3.522088157931202446e-02
2.899306107554874834e-01 6.802437385954221982e-01 1.508891710119697471e-01 1.394587039321715238e-01
4.316387791888189884e-01 2.831541367458426661e-01 -1.978308932781835949e-01 -3.178309379570087856e-03
3.054374898860228726e-01 6.937280470672014809e-01 1.626477213259591714e-01 1.255243945869066735e-01
4.118993324621655350e-01 2.841563121439506512e-01 -1.960355981919792434e-01 2.759312560385307478e-02
3.220720834433179469e-01 7.058683356542431175e-01 1.732271889889891447e-01 1.127434079845057724e-01
3.925309823402306497e-01 2.881577944612628839e-01 -1.895432502202476499e-01 5.654297730722790405e-02
3.397191428500246357e-01 7.167842503153124545e-01 1.826897307669050896e-01 1.012357870588953546e-01
3.739789992462670409e-01 2.949539095175131576e-01 -1.790155329459142131e-01 8.318720393779566180e-02
3.582705498092464969e-01 7.266035379249464743e-01 1.911196842244167193e-01 9.102633581614671954e-02
3.566119801069245199e-01 3.042957394080104683e-01 -1.653463198789117961e-01 1.071309456424085482e-01
3.776272371913680925e-01 7.354534941990693575e-01 1.986161863032354091e-01 8.206771353463926388e-02
3.407046299152731716e-01 3.158999806491886719e-01 -1.495136636164851041e-01 1.280874802889186981e-01
3.977003908627377848e-01 7.434545618373029630e-01 2.052861876392086948e-01 7.426151821948723253e-02
3.264347428773489157e-01 3.294602818286963553e-01 -1.324520972831311205e-01 1.458899952649916898e-01
4.184119908860855497e-01 7.507160185138250785e-01 2.112386120536879908e-01 6.747599703982309904e-02
3.138913522590967564e-01 3.446593465419893754e-01 -1.149666994451625790e-01 1.604946931951789502e-01
4.396948422845717852e-01 7.573331933377678293e-01 2.165797746908615373e-01 6.155993640538648393e-02
3.030896745527611458e-01 3.611808996019514328e-01 -9.769180617930084409e-02 1.719752305423538630e-01
4.614921958406027480e-01 7.633859828901490285e-01 2.214100488229231445e-01 5.635277654930659352e-02
2.939886721441209438e-01 3.787208126731040903e-01 -8.108502586728905115e-02 1.805095595011629861e-01
4.837570636997725049e-01 7.689381758933632183e-01 2.258213060227221014e-01 5.169133851512519584e-02
2.865082409988907730e-01 3.969966040727263556e-01 -6.544332366645311261e-02 1.863607723730231758e-01
5.064513099428900045e-01 7.740373719450535095e-01 2.298946394571621532e-01 4.741364145049997703e-02
2.805442983625316966e-01 4.157548929658702042e-01 -5.092926840324918381e-02 1.898540258234160394e-01
5.295444619342847270e-01 7.787151420666245105e-01 2.336976785873023932e-01 4.336042166638853779e-02
2.759810964547018686e-01 4.347764924038230450e-01 -3.759928998703365721e-02 1.913518040443096258e-01
5.530122300336632879e-01 7.829872836483531273e-01 2.372809610878823250e-01 3.937488557773094477e-02
2.727007920173039612e-01 4.538790412675552943e-01 -2.542944586847450950e-02 1.912297358658276991e-01
5.768345908130867450e-01 7.868539871128590324e-01 2.406728898465826383e-01 3.530126770068253705e-02
2.705905854417086087e-01 4.729173628486517122e-01 -1.433680613810439652e-02 1.898548750677020447e-01
6.009932826052610810e-01 7.902998360076237683e-01 2.438730646939224478e-01 3.098271023765919452e-02
2.695479134621651673e-01 4.917818070394265328e-01 -4.196226002090019946e-03 1.875677368493033903e-01
6.254685597072547898e-01 7.932935725356888845e-01 2.468440727584897409e-01 2.625896126928761731e-02
2.694841008656099213e-01 5.103949816378866577e-01 5.146985442017193435e-03 1.846687216165709966e-01
6.502350702520210968e-01 7.957876594244118751e-01 2.495022743721764247e-01 2.096437623153035723e-02
2.703269190481291107e-01 5.287073274691258540e-01 1.386771902867067752e-02 1.814088962936999394e-01
6.752567831815619037e-01 7.977176583179550473e-01 2.517086309071492334e-01 1.492673007766343041e-02
2.720222740378282489e-01 5.466919289088720824e-01 2.215423051954434897e-02 1.779846477874269528e-01
7.004810608969677110e-01 7.990015589218718572e-01 2.532613203598543805e-01 7.967350765247793731e-03
2.745353223727664549e-01 5.643389337032744812e-01 3.020310927054348227e-02 1.745354373389185199e-01
7.258321320147425038e-01 7.995392219581292093e-01 2.538925651246470849e-01 -9.686258739538544660e-05
2.778511133620558127e-01 5.816498465106813009e-01 3.821542321480464466e-02 1.711438361168271527e-01
7.512045273462950590e-01 7.992120951815363528e-01 2.532726338169699609e-01 -9.448986898474842633e-03
2.819748830592141986e-01 5.986319089553486794e-01 4.639349190926900235e-02 1.678370981361698711e-01
7.764573189741416082e-01 7.978835417519984929e-01 2.510241755258879603e-01 -2.026469623356286220e-02
2.869320231261917598e-01 6.152926558378378763e-01 5.493772745751579478e-02 1.645897204395618818e-01
8.014103278140715103e-01 7.954000293613814332e-01 2.467492396483750294e-01 -3.270165779487022029e-02
2.927677297951330471e-01 6.316347703336190333e-01 6.404298732304303243e-02 1.613266489564058048e-01
8.258435986637691073e-01 7.915935359152123096e-01 2.400694357716781635e-01 -4.688573088107439446e-02
2.995462379588768598e-01 6.476512936091247674e-01 7.389376727173768700e-02 1.579270076310090865e-01
8.495014052749264577e-01 7.862854766294934405e-01 2.306764617897305580e-01 -6.289450603727542166e-02
3.073494976775003051e-01 6.633212109234528642e-01 8.465741525159886649e-02 1.542284207879662805e-01
8.721015728993638527e-01 7.792923202840553731e-01 2.183863438871835871e-01 -8.073931051857941021e-02
3.162750613589084825e-01 6.786055240499645480e-01 9.647441441898441106e-02 1.500321172957785887e-01
8.933501223528272916e-01 7.704330179192196981e-01 2.031876467287196952e-01 -1.003473691849054994e-01
3.264328381187353023e-01 6.934438673063862968e-01 1.094445911814512229e-01 1.451091000519155738e-01
9.129601956295357867e-01 7.595381548916481096e-01 1.852731538569407643e-01 -1.215461734524470039e-01
3.379402700595225406e-01 7.077518144312502368e-01 1.236080828977137447e-01 1.392076698150668257e-01
9.306732384073531650e-01 7.464604213451869752e-01 1.650471697298150353e-01 -1.440522134181498881e-01
3.509153496158431418e-01 7.214190096823903664e-01 1.389200932552792089e-01 1.320625749173798269e-01
9.462798304858563991e-01 7.310859452509295142e-01 1.431063578333224839e-01 -1.674659302897119062e-01
3.654668691090292576e-01 7.343082828073063117e-01 1.552192613676894872e-01 1.234059765417572230e-01
9.596376058429205713e-01 7.133457774488078940e-01 1.201984699827907122e-01 -1.912743243168146812e-01
3.816812943884340670e-01 7.462559884806113653e-01 1.721912534953518037e-01 1.129802807246782503e-01
9.706843665613874572e-01 6.932267675401412310e-01 9.716794312567000880e-02 -2.148621784554827219e-01
3.996059704882007346e-01 7.570736925589010013e-01 1.893323200129193307e-01 1.005527429862040911e-01
9.794454300093954346e-01 6.707808352934718776e-01 7.489829757095778362e-02 -2.375325342980627585e-01
4.192290161142903093e-01 7.665514042865751998e-01 2.059223637752849445e-01 8.593144998347845842e-02
9.860352226109806439e-01 6.461318698439485475e-01 5.425905824987808934e-02 -2.585365692538144078e-01
4.404574221157431246e-01 7.744624597804560251e-01 2.210226012003269069e-01 6.898189917198260801e-02
9.906537584175293398e-01 6.194792906425466983e-01 3.606090765231884099e-02 -2.771125024603887654e-01
4.630965819316584797e-01 7.805700730187928871e-01 2.335167501657520184e-01 4.964283262937074781e-02
9.935788821465438847e-01 5.910973306573132913e-01 2.101935985161784703e-02 -2.925320746211684808e-01
4.868362939853424498e-01 7.846353410270703321e-01 2.422121355011297439e-01 2.793937700640292121e-02
9.951551148455801687e-01 5.613295956811842347e-01 9.725637817661891837e-03 -3.041514308726317450e-01
5.112494790092134700e-01 7.864263794533196128e-01 2.460033666079608494e-01 3.991024212501859125e-03
9.957798061669295153e-01 5.305785400718824318e-01 2.623383448842331322e-03 -3.114615893026057014e-01
5.358090981656413732e-01 7.857279188738419684e-01 2.440753334755074722e-01 -2.198784770229833541e-02
9.958872198274775212e-01 4.992900894189221117e-01 -9.052662265640609718e-06 -3.141322609735057725e-01
