4.000000000000000222e-01 4.000000000000000222e-01 9.232909151807300319e-02 9.232909151807300319e-02
1.000000000000000000e+00 4.000000000000000222e-01 1.188893871861928644e-17 -2.987832164513452571e-01
4.088718548969108024e-01 4.095048819961108477e-01 8.323656836006776416e-02 9.620853026054421164e-02
1.000404838011566211e+00 3.705240941354809303e-01 9.020771607991251440e-03 -2.877707454755455974e-01
4.168178141490606614e-01 4.194240630796196023e-01 7.367823737225442926e-02 1.008695416152005642e-01
1.001853406756093356e+00 3.422890633524292014e-01 2.104170446475678302e-02 -2.736723693635978449e-01
4.237914101784582277e-01 4.298249054511816825e-01 6.365112959622054589e-02 1.060806724961782521e-01
1.004600476035610424e+00 3.155600830205893548e-01 3.496029418216528573e-02 -2.575585395445112447e-01
4.297471614668411655e-01 4.407521534143140629e-01 5.318421874428436169e-02 1.116173897613981225e-01
1.008789208390287628e+00 2.904946945259743174e-01 4.967836041147588588e-02 -2.404731902425072398e-01
4.346437168963672160e-01 4.522287758815525804e-01 4.233780073054083104e-02 1.172653213560304053e-01
1.014457351213603031e+00 2.671515975082427441e-01 6.423263350895103141e-02 -2.232960676570860947e-01
4.384468231342851241e-01 4.642571889820573672e-01 3.120007961709969635e-02 1.228240855202789028e-01
1.021553855826947466e+00 2.455102812385154265e-01 7.785885601345465812e-02 -2.066779837550658527e-01
4.411318433566482344e-01 4.768208341133646777e-01 1.988114247536421075e-02 1.281118545970461042e-01
1.029959583552289448e+00 2.254946422797562966e-01 9.000058011701672633e-02 -1.910363367774170484e-01
4.426855822386468464e-01 4.898862256524617043e-01 8.504676317355741588e-03 1.329704450506175029e-01
1.039507366337817151e+00 2.069953442190529125e-01 1.002844473435571260e-01 -1.765868644851287250e-01
4.431072270663223844e-01 5.034055037705748026e-01 -2.801834687871096463e-03 1.372704013374859144e-01
1.049998908162969258e+00 1.898883358117525733e-01 1.084820765162586298e-01 -1.633900171098268128e-01
4.424082929993917168e-01 5.173194777637453168e-01 -1.391739459094543108e-02 1.409153351644709673e-01
1.061217762138485510e+00 1.740484929100358513e-01 1.144721132207565661e-01 -1.513977397442356487e-01
4.406115847786474249e-01 5.315609595955888000e-01 -2.473695941834774814e-02 1.438447326876368670e-01
1.072938725380724323e+00 1.593588789231970282e-01 1.182091579812055704e-01 -1.404940989640363069e-01
4.377492920599493353e-01 5.460583743849558580e-01 -3.517901433353065599e-02 1.460346031115222765e-01
1.084934462841676828e+00 1.457161394675330346e-01 1.197016386862009840e-01 -1.305277118821002169e-01
4.338604753214132526e-01 5.607392452232284885e-01 -4.519017179904771808e-02 1.474956548078165675e-01
1.096980249606132940e+00 1.330330102828307381e-01 1.189978899203414375e-01 -1.213365845593311620e-01
4.289882243822519259e-01 5.755334422581339648e-01 -5.474638035962708926e-02 1.482691146803549742e-01
1.108857598997230021e+00 1.212385372011800522e-01 1.161785061279396736e-01 -1.127664358254246157e-01
4.231768515625980442e-01 5.903759535780195300e-01 -6.385072293113580599e-02 1.484206811272481552e-01
1.120357315232042517e+00 1.102767102282894013e-01 1.113526259203384550e-01 -1.046836095091804864e-01
4.164694321358923812e-01 6.052089797584951913e-01 -7.252826706577453209e-02 1.480333932657451612e-01
1.131282281151769320e+00 1.001039692656111868e-01 1.046559701478946836e-01 -9.698317535167255699e-02
4.089059237717154738e-01 6.199833404578172225e-01 -8.081885917443631939e-02 1.472002852109799420e-01
1.141450079039830534e+00 9.068610036109631123e-02 9.624888761515515423e-02 -8.959265619060824415e-02
4.005221022123317542e-01 6.346591660876258478e-01 -8.876886894992885857e-02 1.460175926282225589e-01
1.150695394053916409e+00 8.199487757328216553e-02 8.631330073805357217e-02 -8.247169835159245954e-02
3.913492603799299530e-01 6.492059798402404214e-01 -9.642288842023893913e-02 1.445790929407997361e-01
1.158872061201974279e+00 7.400491899399773421e-02 7.504811308945563697e-02 -7.560836715134883201e-02
3.814147418791186128e-01 6.636022735522105753e-01 -1.038162326348623932e-01 1.429718325153539471e-01
1.165854593309880283e+00 6.669102358158443544e-02 6.266328359894393629e-02 -6.901294091104029360e-02
3.707431334801042921e-01 6.778347306876703060e-01 -1.109688411403408903e-01 1.412732506742009342e-01
1.171539076782538880e+00 6.002619255033551232e-02 4.937319360580512406e-02 -6.271035127053577185e-02
3.593580044160841203e-01 6.918972097197492177e-01 -1.178809200495789522e-01 1.395494746009307008e-01
1.175843386865423001e+00 5.398044536498377427e-02 3.539013281430095081e-02 -5.673249333412299505e-02
3.472839891563199721e-01 7.057896191236849859e-01 -1.245304401160940433e-01 1.378544212983501271e-01
1.178706765596881256e+00 4.852040593017025588e-02 2.091867367379814796e-02 -5.111144214114959894e-02
3.345490366667254745e-01 7.195166949653862831e-01 -1.308723801968225686e-01 1.362293057076413572e-01
1.180088870886415231e+00 4.360948698436750010e-02 6.151481008170173181e-03 -4.587421435271353543e-02
3.211866750909591062e-01 7.330867462151763325e-01 -1.368395422252088878e-01 1.347021435053885607e-01
1.179968455213975975e+00 3.920856952070994605e-02 -8.733213978021200571e-03 -4.103944309676011565e-02
3.072381226335357818e-01 7.465103382431617085e-01 -1.423446612351664253e-01 1.332869422158988737e-01
1.178341841258359501e+00 3.527694744719798298e-02 -2.357253642325599086e-02 -3.661585950539897327e-02
2.927541530400801228e-01 7.597988617663288258e-01 -1.472835653888726615e-01 1.319824022710802680e-01
1.175221348255845122e+00 3.177334530462857382e-02 -3.821857529051880115e-02 -3.260224601950908324e-02
2.777966018539908544e-01 7.729629408667895163e-01 -1.515392037132468062e-01 1.307701417013751310e-01
1.170633788180647006e+00 2.865690523389728683e-02 -5.253708538100355235e-02 -2.898846096521280613e-02
2.624394432334615779e-01 7.860106547861597237e-01 -1.549864867105010813e-01 1.296126799707475463e-01
1.164619107743647186e+00 2.588805442620591840e-02 -6.640571988917200186e-02 -2.575709337200408899e-02
2.467693543077105478e-01 7.989455314497582172e-01 -1.574979821838962124e-01 1.284517087973835459e-01
1.157229209786243551e+00 2.342916834739945664e-02 -7.971218360185682028e-02 -2.288533359974705139e-02
2.308856737058716802e-01 8.117644021396059895e-01 -1.589506274275731545e-01 1.272074063515815645e-01
1.148526952085545449e+00 2.124505868856335633e-02 -9.235260206423047402e-02 -2.034682547100152838e-02
2.148996577795012630e-01 8.244552668444031784e-01 -1.592336007945338583e-01 1.257797349954459243e-01
1.138585295821463284e+00 1.930326989871576637e-02 -1.042302869150909389e-01 -1.811329762525445974e-02
1.989328960255337120e-01 8.369953513611545493e-01 -1.582572882619787125e-01 1.240527149771325499e-01
1.127486562530807701e+00 1.757422707809100024e-02 -1.152549604763099950e-01 -1.615590368691383061e-02
1.831148023526527058e-01 8.493497898011393987e-01 -1.559630028562242199e-01 1.219022672267061624e-01
1.115321757833112049e+00 1.603125335255702749e-02 -1.253424029682998764e-01 -1.444623483944779130e-02
1.675791354829399282e-01 8.614711916949300274e-01 -1.523325336202224767e-01 1.192077069452068816e-01
1.102189925145771632e+00 1.465049436578363257e-02 -1.344144083044885585e-01 -1.295702866006831488e-02
1.524596027417718380e-01 8.733005249754879351e-01 -1.473961504464688099e-01 1.158658822410923994e-01
1.088197507649161233e+00 1.341079085146305513e-02 -1.423988967322277199e-01 -1.166262525583664639e-02
1.378847796268364012e-01 8.847694503028391555e-01 -1.412373539181471793e-01 1.118059957151695816e-01
1.073457710395966380e+00 1.229350053021024264e-02 -1.492300332491371395e-01 -1.053919991046443211e-02
1.239727228996791025e-01 8.958041122567593773e-01 -1.339927923147549160e-01 1.070023035809955503e-01
1.058089868651476584e+00 1.128231204159228437e-02 -1.548482430886559402e-01 -9.564844739374037119e-03
1.108258145598506467e-01 9.063300362349100414e-01 -1.258464297458627978e-01 1.014818341903492294e-01
1.042218835072886041e+00 1.036305030442112585e-02 -1.592000923477570329e-01 -8.719534352798902210e-03
9.852641159602046339e-02 9.162775382881707120e-01 -1.170181497603395293e-01 9.532505636754284861e-02
1.025974396373612318e+00 1.000000000000000021e-02 -1.622306473221535317e-01 -8.384429570876435200e-03
8.713381614415516285e-02 9.255869181424334347e-01 -1.077482108769942104e-01 8.865895865118461616e-02
1.009491408872308149e+00 1.000000000000000021e-02 -1.639022851907543377e-01 -8.390586533728316976e-03
7.668289780796888611e-02 9.342126817194092991e-01 -9.827988867562933994e-02 8.164384673403982107e-02
9.929081794427248031e-01 1.000000000000000021e-02 -1.641854916728915093e-01 -8.433292075305312552e-03
6.718445009284869374e-02 9.421262743403885365e-01 -8.884294962598418555e-02 7.445652767208363332e-02
9.763656975714238850e-01 1.000000000000000021e-02 -1.630513104507527733e-01 -8.512054641219082840e-03
5.862710356862151084e-02 9.493170741292891179e-01 -7.964020313274561280e-02 6.727313113909574871e-02
9.600075262395061371e-01 1.000000000000000021e-02 -1.604791604041967135e-01 -8.625099671478488050e-03
5.098042753644295433e-02 9.557917291673646565e-01 -7.083850275205888503e-02 6.025440720913537163e-02
9.439789134557915462e-01 1.000000000000000021e-02 -1.564591549179338015e-01 -8.769281956296469394e-03
4.419875157392662290e-02 9.615721645086997560e-01 -6.256453500457295758e-02 5.353530690586569274e-02
9.284256296744247683e-01 1.000000000000000021e-02 -1.509951032192032860e-01 -8.940060852312588235e-03
3.822523871363657511e-02 9.666927252633483736e-01 -5.490487201193806899e-02 4.721941341439325063e-02
9.134924706951988993e-01 1.000000000000000021e-02 -1.441078597439132969e-01 -9.131563778459576841e-03
3.299581933542497514e-02 9.711969363870095462e-01 -4.790924682028605691e-02 4.137777243203803051e-02
8.993214086499192739e-01 1.000000000000000021e-02 -1.358385083357477319e-01 -9.336756284566635755e-03
2.844270704594764956e-02 9.751342813667249754e-01 -4.159584631997868126e-02 3.605107245000481464e-02
8.860494318070860631e-01 1.000000000000000021e-02 -1.262507756541811355e-01 -9.547723946634785464e-03
2.449733707931124951e-02 9.785572940440663281e-01 -3.595752197599680344e-02 3.125392488898242477e-02
8.738061761284816598e-01 1.000000000000000021e-02 -1.154321049209308392e-01 -9.756054139033187855e-03
2.109267047210167459e-02 9.815191284408881778e-01 -3.096806707163918260e-02 2.698011627137600690e-02
8.627115044865557580e-01 1.000000000000000021e-02 -1.034929983414730331e-01 -9.953287999895678306e-03
1.816488114750086647e-02 9.840716686449160200e-01 -2.658799221026274598e-02 2.320797078499874447e-02
8.528732198273412113e-01 1.000000000000000021e-02 -9.056452323540294114e-02 -1.013139883408254241e-02
1.565449077055366262e-02 9.862641666735203483e-01 -2.276948594731251219e-02 1.990526230844814892e-02
8.443850958379073290e-01 1.000000000000000021e-02 -7.679420359400736251e-02 -1.028324682735481596e-02
1.350703978560830604e-02 9.881423486165590298e-01 -1.946044153582494537e-02 1.703338139722528413e-02
8.373253751487210739e-01 1.000000000000000021e-02 -6.234080476960526113e-02 -1.040296294734736199e-02
1.167338921866243294e-02 9.897479084526249471e-01 -1.660756098820822396e-02 1.455065709399597056e-02
8.317558244843041848e-01 1.000000000000000021e-02 -4.736868915896351451e-02 -1.048622654982174322e-02
1.010974331316208570e-02 9.899999999999999911e-01 -1.415714865200508668e-02 1.397754271030007302e-02
8.277213649784785909e-01 1.000000000000000021e-02 -3.204244245923106721e-02 -1.053041848067103742e-02
1.000000000000000021e-02 9.899999999999999911e-01 -1.373819558730059696e-02 1.371446712374350604e-02
8.252502277121228635e-01 1.000000000000000021e-02 -1.652235096609162845e-02 -1.053464960058781742e-02
1.000000000000000021e-02 9.899999999999999911e-01 -1.343819214389416900e-02 1.341643492635234691e-02
8.243545325870410556e-01 1.000000000000000021e-02 -9.610963656674936144e-04 -1.049968013224963567e-02
1.000000000000000021e-02 9.899999999999999911e-01 -1.310644944721298805e-02 1.308684349684554812e-02
8.250311603154157902e-01 1.000000000000000021e-02 1.449821229858197676e-02 -1.042775491461392194e-02
1.000000000000000021e-02 9.899999999999999911e-01 -1.274590839262770836e-02 1.272860732166500829e-02
8.272627838899050401e-01 1.000000000000000021e-02 2.972277168399733993e-02 -1.032238350386614247e-02
1.000000000000000021e-02 9.899999999999999911e-01 -1.235976579401856616e-02 1.234489604249743196e-02
8.310189424657832280e-01 1.000000000000000021e-02 4.458984387560767371e-02 -1.018809255750176106e-02
1.000000000000000021e-02 9.899999999999999911e-01 -1.195144614736965392e-02 1.193910673708047446e-02
8.362570708311264367e-01 1.000000000000000021e-02 5.898588536547028777e-02 -1.003017322215131457e-02
1.000000000000000021e-02 9.899999999999999911e-01 -1.152457134616298798e-02 1.151483409963822112e-02
8.429234326807493183e-01 1.000000000000000021e-02 7.280539557027229658e-02 -9.854440090979396660e-03
1.000000000000000021e-02 9.899999999999999911e-01 -1.108292861267724631e-02 1.107583877219632355e-02
8.509539398685457279e-01 1.000000000000000021e-02 8.594978470399329551e-02 -9.667012195455678553e-03
1.000000000000000021e-02 9.899999999999999911e-01 -1.063043692765293889e-02 1.062601410040906261e-02
8.602748662883191733e-01 1.000000000000000021e-02 9.832647443551012501e-02 -9.474121324916026654e-03
1.000000000000000021e-02 9.899999999999999911e-01 -1.017111225581554534e-02 1.016935160815083013e-02
8.708034827659257848e-01 1.000000000000000021e-02 1.098483415390340973e-01 -9.281949043247507414e-03
1.000000000000000021e-02 9.899999999999999911e-01 -9.709031877731463811e-03 9.709905502756325732e-03
8.824486456347597763e-01 1.000000000000000021e-02 1.204335148570880448e-01 -9.096490743596905015e-03
1.000000000000000021e-02 9.899999999999999911e-01 -9.248298148331059523e-03 9.251756536637694220e-03
8.951113695223730238e-01 1.000000000000000021e-02 1.300054525858523602e-01 -8.923442969136288760e-03
1.000000000000000021e-02 9.899999999999999911e-01 -8.793002008707974729e-03 8.798975561238962101e-03
9.086854055631436999e-01 1.000000000000000021e-02 1.384931734063057640e-01 -8.768108458365696245e-03
1.000000000000000021e-02 9.899999999999999911e-01 -8.347186581313895820e-03 8.355587115156389022e-03
9.230578314871064061e-01 1.000000000000000021e-02 1.458315009846087584e-01 -8.635311984678435693e-03
1.000000000000000021e-02 9.899999999999999911e-01 -7.914811178356344346e-03 7.925533389757698569e-03
9.381096490644017516e-01 1.000000000000000021e-02 1.519612053106503546e-01 -8.529319217706263223e-03
1.000000000000000021e-02 9.899999999999999911e-01 -7.499716049480021664e-03 7.512638911723215455e-03
9.537163748225905291e-01 1.000000000000000021e-02 1.568289884897955955e-01 -8.453750751616535830e-03
1.000000000000000021e-02 9.899999999999999911e-01 -7.105588188076729893e-03 7.120576275365751023e-03
9.697486092665800195e-01 1.000000000000000021e-02 1.603873516524065290e-01 -8.411484599016132158e-03
1.000000000000000021e-02 9.899999999999999911e-01 -6.735928504977503790e-03 6.752833244602770950e-03
9.860725799805168945e-01 1.000000000000000021e-02 1.625944745730321939e-01 -8.404543300677067008e-03
1.000000000000000021e-02 9.899999999999999911e-01 -6.394020665317663200e-03 6.412681529580457548e-03
1.002550669890726498e+00 1.000000000000000021e-02 1.634143197267118874e-01 -8.433966384112888404e-03
1.000000000000000021e-02 9.899999999999999911e-01 -6.082901867909292978e-03 6.103147523701323365e-03
1.019041968320958613e+00 1.000000000000000021e-02 1.628172055133858265e-01 -8.499675269494320895e-03
1.000000000000000021e-02 9.899999999999999911e-01 -5.805335828078456509e-03 5.826985264862082591e-03
1.035402905766601656e+00 1.000000000000000021e-02 1.607810649950419390e-01 -8.600344813159029045e-03
1.000000000000000021e-02 9.899999999999999911e-01 -5.563788203538557603e-03 5.586651861137277575e-03
1.051488052336978507e+00 1.000000000000000021e-02 1.572935022493924528e-01 -8.733302615370613919e-03
1.000000000000000021e-02 9.899999999999999911e-01 -5.360404680438427862e-03 5.384285595224920506e-03
1.067151164064852997e+00 1.000000000000000021e-02 1.523545893370673865e-01 -8.894481814264443287e-03
1.000000000000000021e-02 9.899999999999999911e-01 -5.196991911641401889e-03 5.221686895356671305e-03
1.082246546697427814e+00 1.000000000000000021e-02 1.459801408625754915e-01 -9.078453680651243918e-03
1.000000000000000021e-02 9.899999999999999911e-01 -5.075001473711236895e-03 5.100302333063304501e-03
1.096630770666140009e+00 1.000000000000000021e-02 1.382050086170746872e-01 -9.278561307625964039e-03
1.000000000000000021e-02 9.899999999999999911e-01 -4.995516981748659123e-03 5.021211780437444087e-03
1.110164716612494828e+00 1.000000000000000021e-02 1.290858131040980850e-01 -9.487164478929471789e-03
1.000000000000000021e-02 9.899999999999999911e-01 -4.959244473497264639e-03 4.985118831739310426e-03
1.122715870253150561e+00 1.000000000000000021e-02 1.187025182502934179e-01 -9.695989824616904618e-03
1.000000000000000021e-02 9.899999999999999911e-01 -4.966506145433230435e-03 4.992344566906578227e-03
1.134160725947738646e+00 1.000000000000000021e-02 1.071583883434064771e-01 -9.896562377757767148e-03
1.000000000000000021e-02 9.899999999999999911e-01 -5.017237494666087518e-03 5.042824706645149084e-03
1.144387121410320951e+00 1.000000000000000021e-02 9.457811873562561866e-02 -1.008067904145889745e-02
1.000000000000000021e-02 9.899999999999999911e-01 -5.110987891082371080e-03 5.136110181946994084e-03
1.153296316683218414e+00 1.000000000000000021e-02 8.110425233942868128e-02 -1.024087520562705703e-02
1.000000000000000021e-02 9.899999999999999911e-01 -5.246924574910837719e-03 5.271371113301870880e-03
1.160804653117274210e+00 1.000000000000000021e-02 6.689230135688978285e-02 -1.037083560250905839e-02
1.000000000000000021e-02 9.899999999999999911e-01 -5.423840045373925188e-03 5.447404168201677721e-03
1.166844681540717632e+00 1.000000000000000021e-02 5.210520624736531686e-02 -1.046570943704630205e-02
1.000000000000000021e-02 9.899999999999999911e-01 -5.640162776948801082e-03 5.662643237414777264e-03
1.171365717391666283e+00 1.000000000000000021e-02 3.690783636760178177e-02 -1.052230556690143121e-02
1.000000000000000021e-02 9.899999999999999911e-01 -5.893971170924963005e-03 5.915173344080138645e-03
1.174333850766468901e+00 1.000000000000000021e-02 2.146216198808763645e-02 -1.053916177052238203e-02
1.000000000000000021e-02 9.899999999999999911e-01 -6.183010621468106212e-03 6.202747670919499419e-03
1.175731497506295131e+00 1.000000000000000021e-02 5.923540007616169556e-03 -1.051649869946675100e-02
1.000000000000000021e-02 9.899999999999999911e-01 -6.504713547871401533e-03 6.522807563984288348e-03
1.175556614228112862e+00 1.000000000000000021e-02 -9.561685747276725197e-03 -1.045608096105128150e-02
1.000000000000000021e-02 9.899999999999999911e-01 -6.856222217861642279e-03 6.872505343378252154e-03
1.173821711184712235e+00 1.000000000000000021e-02 -2.485730229528741730e-02 -1.036101341547290659e-02
1.000000000000000021e-02 9.899999999999999911e-01 -7.234414161308336255e-03 7.248729724142611956e-03
1.170552786654972977e+00 1.000000000000000021e-02 -3.983727842635058358e-02 -1.023550097212526030e-02
1.000000000000000021e-02 9.899999999999999911e-01 -7.635929949631438222e-03 7.648133624259625431e-03
1.165788280249934639e+00 1.000000000000000021e-02 -5.438507099807428358e-02 -1.008459633823014651e-02
1.000000000000000021e-02 9.899999999999999911e-01 -8.057203093868878577e-03 8.067164111705727933e-03
1.159578108225865822e+00 1.000000000000000021e-02 -6.839253942873693703e-02 -9.913954309782087998e-03
1.000000000000000021e-02 9.899999999999999911e-01 -8.494491794093842613e-03 8.502094218568569464e-03
1.151982809317388501e+00 1.000000000000000021e-02 -8.175878852802405394e-02 -9.729605052568365137e-03
1.000000000000000021e-02 9.899999999999999911e-01 -8.943912255090830446e-03 8.949056330564031381e-03
1.143072800184117943e+00 1.000000000000000021e-02 -9.438918335005981597e-02 -9.537753265344631193e-03
1.000000000000000021e-02 9.899999999999999911e-01 -9.401473267824209459e-03 9.404076840760066530e-03
1.132927719192065696e+00 1.000000000000000021e-02 -1.061946808015787336e-01 -9.344605808657251156e-03
1.000000000000000021e-02 9.899999999999999911e-01 -9.863111744055994695e-03 9.863111743398697562e-03
1.121635826576953265e+00 1.000000000000000021e-02 -1.170915196591461732e-01 -9.156227082627622915e-03
1.000000000000000021e-02 9.899999999999999911e-01 -1.032472888218614014e-02 1.032208283222171494e-02
1.109293429149486254e+00 1.000000000000000021e-02 -1.270012211488811826e-01 -8.978419083942659751e-03
1.000000000000000021e-02 9.899999999999999911e-01 -1.078222663656778178e-02 1.077691416182381505e-02
1.096004305144780977e+00 1.000000000000000021e-02 -1.358507879991449618e-01 -8.816621135747902682e-03
1.000000000000000021e-02 9.899999999999999911e-01 -1.123154416006981633e-02 1.122356842891709255e-02
1.081879117411172375e+00 1.000000000000000021e-02 -1.435729614760903883e-01 -8.675822848656054853e-03
1.000000000000000021e-02 9.899999999999999911e-01 -1.166869389043837836e-02 1.165808293311480608e-02
1.067034816066526171e+00 1.000000000000000021e-02 -1.501064075380307838e-01 -8.560482724485722617e-03
1.000000000000000021e-02 9.899999999999999911e-01 -1.208979695578615322e-02 1.207660478416076530e-02
1.051594043019304925e+00 1.000000000000000021e-02 -1.553957555943666080e-01 -8.474444502691233505e-03
1.000000000000000021e-02 9.899999999999999911e-01 -1.249111758155180794e-02 1.247542503412483149e-02
1.035684553331332136e+00 1.000000000000000021e-02 -1.593914946665560273e-01 -8.420843975354315447e-03
1.000000000000000021e-02 9.899999999999999911e-01 -1.286909619270342267e-02 1.285101142806056862e-02
1.019438662680909102e+00 1.000000000000000021e-02 -1.620498279066148462e-01 -8.402001291539160088e-03
1.000000000000000021e-02 9.899999999999999911e-01 -1.322038091825482320e-02 1.320003948577759892e-02
1.002992716274299312e+00 1.000000000000000021e-02 -1.633326746150335351e-01 -8.419297749099642625e-03
1.000000000000000021e-02 9.899999999999999911e-01 -1.354185722143353733e-02 1.351942164786585146e-02
9.864865502480594239e-01 1.000000000000000021e-02 -1.632080595151104985e-01 -8.473041889205806809e-03
1.000000000000000021e-02 9.899999999999999911e-01 -1.383067539823272518e-02 1.380633424332724027e-02
9.700628921060068244e-01 1.000000000000000021e-02 -1.616511233351949905e-01 -8.562336708682789788e-03
1.000000000000000021e-02 9.899999999999999911e-01 -1.408427570657479547e-02 1.405824205988727774e-02
9.538666257801413639e-01 1.000000000000000021e-02 -1.586459100891887131e-01 -8.684966943100363990e-03
1.000000000000000021e-02 9.899999999999999911e-01 -1.430041091198387855e-02 1.427292032432387302e-02
9.380438361723748564e-01 1.000000000000000021e-02 -1.541879360335285387e-01 -8.837330945266237692e-03
1.000000000000000021e-02 9.899999999999999911e-01 -1.447716605871716966e-02 1.444847392538539492e-02
9.227405562185406751e-01 1.000000000000000021e-02 -1.482873472251691749e-01 -9.014443901620219912e-03
1.000000000000000021e-02 9.899999999999999911e-01 -1.461297530058064224e-02 1.458335373760635129e-02
9.081011690961661165e-01 1.000000000000000021e-02 -1.409722686335863617e-01 -9.210035996657858770e-03
1.000000000000000021e-02 9.899999999999999911e-01 -1.470663565124178535e-02 1.467636992865577542e-02
8.942664660137388255e-01 1.000000000000000021e-02 -1.322917918859193576e-01 -9.416760006529870108e-03
1.000000000000000021e-02 9.899999999999999911e-01 -1.475731754069958129e-02 1.472670215772232775e-02
8.813714207380612953e-01 1.000000000000000021e-02 -1.223179963871128401e-01 -9.626508164391200939e-03
1.000000000000000021e-02 9.899999999999999911e-01 -1.476457209085028921e-02 1.473390659500507793e-02
8.695428031016100290e-01 1.000000000000000021e-02 -1.111464830270015441e-01 -9.830820329559224191e-03
1.000000000000000021e-02 9.899999999999999911e-01 -1.472833505108712103e-02 1.469791971570283233e-02
8.588967993265741452e-01 1.000000000000000021e-02 -9.889511656921597116e-02 -1.002134868426270142e-02
1.000000000000000021e-02 9.899999999999999911e-01 -1.464892736148906000e-02 1.461905884253534085e-02
8.495368273711998430e-01 1.000000000000000021e-02 -8.570098000357240231e-02 -1.019033232883131967e-02
1.000000000000000021e-02 9.899999999999999911e-01 -1.452705233916714439e-02 1.449801943403169167e-02
8.415517219150623340e-01 1.000000000000000021e-02 -7.171586397636654786e-02 -1.033103183041431464e-02
1.000000000000000021e-02 9.899999999999999911e-01 -1.436378951079396622e-02 1.433586913606864875e-02
8.350144204713763063e-01 1.000000000000000021e-02 -5.710086702250113944e-02 -1.043807987255711972e-02
1.000000000000000021e-02 9.899999999999999911e-01 -1.416058514144716458e-02 1.413403863654400829e-02
8.299812169334468415e-01 1.000000000000000021e-02 -4.202080439334797413e-02 -1.050771801646842481e-02
1.000000000000000021e-02 9.899999999999999911e-01 -1.391923953762621256e-02 1.389430938505227184e-02
8.264915768528027229e-01 1.000000000000000021e-02 -2.663909477834919270e-02 -1.053790747737137594e-02
1.000000000000000021e-02 9.899999999999999911e-01 -1.364189122898666097e-02 1.361879826283513700e-02
8.245684456705177912e-01 1.000000000000000021e-02 -1.111363897911705513e-02 -1.052831948622409003e-02
1.000000000000000021e-02 9.899999999999999911e-01 -1.333099816012940295e-02 1.330993931179292981e-02
8.242189367820691448e-01 1.000000000000000021e-02 4.406025691250516942e-03 -1.048022431303499355e-02
1.000000000000000021e-02 9.899999999999999911e-01 -1.298931604987109585e-02 1.297046265590030487e-02
8.254352660958481636e-01 1.000000000000000021e-02 1.978025451159599532e-02 -1.039630588648560172e-02
1.000000000000000021e-02 9.899999999999999911e-01 -1.261987410041277499e-02 1.260337077405157200e-02
8.281958040556738343e-01 1.000000000000000021e-02 3.487966974537810849e-02 -1.028043074976993550e-02
1.000000000000000021e-02 9.899999999999999911e-01 -1.222594826344859838e-02 1.221191230840604908e-02
8.324661376825615022e-01 1.000000000000000021e-02 4.958467569746378284e-02 -1.013739741418740251e-02
1.000000000000000021e-02 9.899999999999999911e-01 -1.181103229278777401e-02 1.179955361893460404e-02
8.382000675471069639e-01 1.000000000000000021e-02 6.378446521269420799e-02 -9.972686757452574324e-03
1.000000000000000021e-02 9.899999999999999911e-01 -1.137880683480094191e-02 1.136994831814499250e-02
8.453405001464889823e-01 1.000000000000000021e-02 7.737585444291202041e-02 -9.792227934166553710e-03
1.000000000000000021e-02 9.899999999999999911e-01 -1.093310682705037930e-02 1.092690504591665307e-02
8.538202275399041641e-01 1.000000000000000021e-02 9.026221874607315288e-02 -9.602188426978061631e-03
1.000000000000000021e-02 9.899999999999999911e-01 -1.047788749270899163e-02 1.047435376455541946e-02
8.635626098166675479e-01 1.000000000000000021e-02 1.023527087824077642e-01 -9.408792112715509692e-03
1.000000000000000021e-02 9.899999999999999911e-01 -1.001718923321982986e-02 1.001631087492742440e-02
8.744821901323682756e-01 1.000000000000000021e-02 1.135618219929440675e-01 -9.218165626873400798e-03
1.000000000000000021e-02 9.899999999999999911e-01 -9.555101733072663209e-03 9.556843470225388770e-03
8.864852747528471077e-01 1.000000000000000021e-02 1.238093095894902268e-01 -9.036210669912531079e-03
1.000000000000000021e-02 9.899999999999999911e-01 -9.095727599491704174e-03 9.100033057520376042e-03
8.994705063819450341e-01 1.000000000000000021e-02 1.330203241803069314e-01 -8.868497828359682422e-03
1.000000000000000021e-02 9.899999999999999911e-01 -8.643145865378334611e-03 8.649939084800920344e-03
9.133294467591935861e-01 1.000000000000000021e-02 1.411256729626480522e-01 -8.720175933771279198e-03
1.000000000000000021e-02 9.899999999999999911e-01 -8.201375685655163186e-03 8.210562616927307225e-03
9.279471710450928335e-01 1.000000000000000021e-02 1.480620395923754051e-01 -8.595889667162986969e-03
1.000000000000000021e-02 9.899999999999999911e-01 -7.774340556121007127e-03 7.785810502790433199e-03
9.432028657639701663e-01 1.000000000000000021e-02 1.537720758648534192e-01 -8.499697532284890278e-03
1.000000000000000021e-02 9.899999999999999911e-01 -7.365833379027091413e-03 7.379460371289008232e-03
9.589704146426023534e-01 1.000000000000000021e-02 1.582043389074423712e-01 -8.434982557477960219e-03
1.000000000000000021e-02 9.899999999999999911e-01 -6.979482691432995455e-03 6.995126785316007484e-03
9.751189599335298164e-01 1.000000000000000021e-02 1.613131426617987751e-01 -8.404349781539720288e-03
1.000000000000000021e-02 9.899999999999999911e-01 -6.618720361145418937e-03 6.636228869013227789e-03
9.915134388050679259e-01 1.000000000000000021e-02 1.630584855383168108e-01 -8.409508011068995981e-03
1.000000000000000021e-02 9.899999999999999911e-01 -6.286751040961830427e-03 6.305959707113653091e-03
1.008015114727148998e+00 1.000000000000000021e-02 1.634062828734109685e-01 -8.451138528786997228e-03
1.000000000000000021e-02 9.899999999999999911e-01 -5.986523654522637149e-03 6.007257795109815883e-03
1.024482149164389400e+00 1.000000000000000021e-02 1.623291478276486788e-01 -8.528760181924187334e-03
1.000000000000000021e-02 9.899999999999999911e-01 -5.720705167929196130e-03 5.742780796678926235e-03
1.040770282220319309e+00 1.000000000000000021e-02 1.598079104044936583e-01 -8.640607458264976115e-03
1.000000000000000021e-02 9.899999999999999911e-01 -5.491656879465419035e-03 5.514881839655580431e-03
1.056733705188997119e+00 1.000000000000000021e-02 1.558339369045046996e-01 -8.783544564318172820e-03
1.000000000000000021e-02 9.899999999999999911e-01 -5.301413436240303041e-03 5.325588556479303633e-03
1.072226206974633778e+00 1.000000000000000021e-02 1.504121259098727403e-01 -8.953041955484138115e-03
1.000000000000000021e-02 9.899999999999999911e-01 -5.151664761564323132e-03 5.176585047607113604e-03
1.087102654445121219e+00 1.000000000000000021e-02 1.435642487429729386e-01 -9.143240666648587422e-03
1.000000000000000021e-02 9.899999999999999911e-01 -5.043741050438392201e-03 5.069196919110184434e-03
1.101220823356547696e+00 1.000000000000000021e-02 1.353321250295840827e-01 -9.347122639042845793e-03
1.000000000000000021e-02 9.899999999999999911e-01 -4.978600963178356209e-03 5.004379517650483014e-03
1.114443540200372507e+00 1.000000000000000021e-02 1.257800309136837547e-01 -9.556792240710508535e-03
1.000000000000000021e-02 9.899999999999999911e-01 -4.956823119066286303e-03 4.982709458992558467e-03
1.126641031637640511e+00 1.000000000000000021e-02 1.149957756613152471e-01 -9.763857108349878466e-03
1.000000000000000021e-02 9.899999999999999911e-01 -4.978600963178356209e-03 5.004379517650483014e-03
1.137693327153420864e+00 1.000000000000000021e-02 1.030900569057215804e-01 -9.959878739026345462e-03
1.000000000000000021e-02 9.899999999999999911e-01 -5.043741050438392201e-03 5.069196919110184434e-03
1.147492529349566581e+00 1.000000000000000021e-02 9.019399038799701118e-02 -1.013684936505962128e-02
1.000000000000000021e-02 9.899999999999999911e-01 -5.151664761564323132e-03 5.176585047607113604e-03
1.155944769541199735e+00 1.000000000000000021e-02 7.645503393371393119e-02 -1.028764521352398473e-02
1.000000000000000021e-02 9.899999999999999911e-01 -5.301413436240303041e-03 5.325588556482692415e-03
1.162971699418622551e+00 1.000000000000000021e-02 6.203180967880635860e-02 -1.040640926295438584e-02
1.000000000000000021e-02 9.899999999999999911e-01 -5.491656879465419035e-03 5.514881839655580431e-03
1.168511429633714238e+00 1.000000000000000021e-02 4.708849786854677616e-02 -1.048882821452789584e-02
1.000000000000000021e-02 9.899999999999999911e-01 -5.720705167929196130e-03 5.742780796678926235e-03
1.172518896818534717e+00 1.000000000000000021e-02 3.178949753909472709e-02 -1.053228548182649250e-02
1.000000000000000021e-02 9.899999999999999911e-01 -5.986523654522637149e-03 6.007257795103040053e-03
1.174965708870646885e+00 1.000000000000000021e-02 1.629493078683197371e-02 -1.053589012289400662e-02
1.000000000000000021e-02 9.899999999999999911e-01 -6.286751040961830427e-03 6.305959707106877261e-03
1.175839569192027145e+00 1.000000000000000021e-02 7.573557973219091546e-04 -1.050039690148689767e-02
1.000000000000000021e-02 9.899999999999999911e-01 -6.618720361145418937e-03 6.636228869020004487e-03
1.175143409291994789e+00 1.000000000000000021e-02 -1.468019182964915882e-02 -1.042804250600288390e-02
1.000000000000000021e-02 9.899999999999999911e-01 -6.979482691432995455e-03 6.995126785309230787e-03
1.172894362600945373e+00 1.000000000000000021e-02 -2.988493050612049326e-02 -1.032232662613228290e-02
1.000000000000000021e-02 9.899999999999999911e-01 -7.365833379027091413e-03 7.379460371289008232e-03
1.169122695770942633e+00 1.000000000000000021e-02 -4.473409643082106035e-02 -1.018776523705562306e-02
1.000000000000000021e-02 9.899999999999999911e-01 -7.774340556121007127e-03 7.785810502797209029e-03
1.163870783833277356e+00 1.000000000000000021e-02 -5.911408020270285391e-02 -1.002963874842735525e-02
1.000000000000000021e-02 9.899999999999999911e-01 -8.201375685655163186e-03 8.210562616940860620e-03
1.157192180636323231e+00 1.000000000000000021e-02 -7.291928455911526885e-02 -9.853751511198095142e-03
1.000000000000000021e-02 9.899999999999999911e-01 -8.643145865378334611e-03 8.649939084794144514e-03
1.149150802487339584e+00 1.000000000000000021e-02 -8.605100177138140516e-02 -9.666213185292090587e-03
1.000000000000000021e-02 9.899999999999999911e-01 -9.095727599491704174e-03 9.100033057506822648e-03
1.139820215958672334e+00 1.000000000000000021e-02 -9.841652271868478463e-02 -9.473247271156969018e-03
1.000000000000000021e-02 9.899999999999999911e-01 -9.555101733072663209e-03 9.556843470225388770e-03
1.129283004228048615e+00 1.000000000000000021e-02 -1.099285879341748984e-01 -9.281028204972084639e-03
1.000000000000000021e-02 9.899999999999999911e-01 -1.001718923321982986e-02 1.001631087492742440e-02
1.117630178716351841e+00 1.000000000000000021e-02 -1.205051900401293841e-01 -9.095545403328166023e-03
1.000000000000000021e-02 9.899999999999999911e-01 -1.047788749270899163e-02 1.047435376456897112e-02
1.104960605977545640e+00 1.000000000000000021e-02 -1.300696549552931569e-01 -8.922490515959197177e-03
1.000000000000000021e-02 9.899999999999999911e-01 -1.093310682705037930e-02 1.092690504592342890e-02
1.091380429431454857e+00 1.000000000000000021e-02 -1.385508761386549936e-01 -8.767162354059686302e-03
1.000000000000000021e-02 9.899999999999999911e-01 -1.137880683480094191e-02 1.136994831812466328e-02
1.077002478085173021e+00 1.000000000000000021e-02 -1.458835602458075087e-01 -8.634382612647713284e-03
1.000000000000000021e-02 9.899999999999999911e-01 -1.181103229278777401e-02 1.179955361892105238e-02
1.061945668397697551e+00 1.000000000000000021e-02 -1.520083693154483662e-01 -8.528414599420601483e-03
1.000000000000000021e-02 9.899999999999999911e-01 -1.222594826344859838e-02 1.221191230839249568e-02
1.046334412598231456e+00 1.000000000000000021e-02 -1.568719065661149936e-01 -8.452877144006672172e-03
1.000000000000000021e-02 9.899999999999999911e-01 -1.261987410041277499e-02 1.260337077403802034e-02
1.030298048558141000e+00 1.000000000000000021e-02 -1.604265829440159608e-01 -8.410646972932186993e-03
1.000000000000000021e-02 9.899999999999999911e-01 -1.298931604987109585e-02 1.297046265590030487e-02
1.013970295869567106e+00 1.000000000000000021e-02 -1.626304962017459110e-01 -8.403745700735244795e-03
1.000000000000000021e-02 9.899999999999999911e-01 -1.333099816012940295e-02 1.330993931179292981e-02
9.974887268152620168e-01 1.000000000000000021e-02 -1.634475343591452190e-01 -8.433212204733350759e-03
1.000000000000000021e-02 9.899999999999999911e-01 -1.364189122898666097e-02 1.361879826283513700e-02
9.809942143909808898e-01 1.000000000000000021e-02 -1.628479482450968518e-01 -8.498967416880991166e-03
1.000000000000000021e-02 9.899999999999999911e-01 -1.391923953762621256e-02 1.389430938505227184e-02
9.646302970952975731e-01 1.000000000000000021e-02 -1.608096101123751565e-01 -8.599685795722053494e-03
1.000000000000000021e-02 9.899999999999999911e-01 -1.416058514144716458e-02 1.413403863653045489e-02
9.485423795868457297e-01 1.000000000000000021e-02 -1.573200697003226400e-01 -8.732694553375761060e-03
1.000000000000000021e-02 9.899999999999999911e-01 -1.436378951079396622e-02 1.433586913606864875e-02
9.328766859856097993e-01 1.000000000000000021e-02 -1.523793515907298501e-01 -8.893926387466138950e-03
1.000000000000000021e-02 9.899999999999999911e-01 -1.452705233916714439e-02 1.449801943403169167e-02
9.177788950485615826e-01 1.000000000000000021e-02 -1.460032297967688852e-01 -9.077952039171152676e-03
1.000000000000000021e-02 9.899999999999999911e-01 -1.464892736148906000e-02 1.461905884253534085e-02
9.033924247201247093e-01 1.000000000000000021e-02 -1.382265229988221822e-01 -9.278113951714968277e-03
1.000000000000000021e-02 9.899999999999999911e-01 -1.472833505108712103e-02 1.469791971570283233e-02
8.898563856856949172e-01 1.000000000000000021e-02 -1.291058261998793699e-01 -9.486771161172635747e-03
1.000000000000000021e-02 9.899999999999999911e-01 -1.476457209085028921e-02 1.473390659500507793e-02
8.773032860145933975e-01 1.000000000000000021e-02 -1.187210857112302315e-01 -9.695649469594093406e-03
1.000000000000000021e-02 9.899999999999999911e-01 -1.475731754069958129e-02 1.472670215772232775e-02
8.658566264804400392e-01 1.000000000000000021e-02 -1.071755553812715062e-01 -9.896273061985906561e-03
1.000000000000000021e-02 9.899999999999999911e-01 -1.470663565124178535e-02 1.467636992864222376e-02
8.556285652382404905e-01 1.000000000000000021e-02 -9.459392655086036605e-02 -1.008043802651435034e-02
1.000000000000000021e-02 9.899999999999999911e-01 -1.461297530058064224e-02 1.458335373760635129e-02
8.467178383013448384e-01 1.000000000000000021e-02 -8.111874337442824545e-02 -1.024067904743320226e-02
1.000000000000000021e-02 9.899999999999999911e-01 -1.447716605871716966e-02 1.444847392535828987e-02
8.392081001070503810e-01 1.000000000000000021e-02 -6.690552306566535656e-02 -1.037068030133566146e-02
1.000000000000000021e-02 9.899999999999999911e-01 -1.430041091198387855e-02 1.427292032432387302e-02
8.331667949577575838e-01 1.000000000000000021e-02 -5.211721319737855351e-02 -1.046559061656550382e-02
1.000000000000000021e-02 9.899999999999999911e-01 -1.408427570657479547e-02 1.405824205988727774e-02
8.286446017651880602e-01 1.000000000000000021e-02 -3.691869088253405679e-02 -1.052221868810083658e-02
1.000000000000000021e-02 9.899999999999999911e-01 -1.383067539823272518e-02 1.380633424332724027e-02
8.256754239607299040e-01 1.000000000000000021e-02 -2.147193352957375151e-02 -1.053910230967684651e-02
1.000000000000000021e-02 9.899999999999999911e-01 -1.354185722143353733e-02 1.351942164787940312e-02
8.242768385667863518e-01 1.000000000000000021e-02 -5.932303738330870282e-03 -1.051646231194438945e-02
1.000000000000000021e-02 9.899999999999999911e-01 -1.322038091825482320e-02 1.320003948576404726e-02
8.244508812915755103e-01 1.000000000000000021e-02 9.553850956267128866e-03 -1.045606360559013862e-02
1.000000000000000021e-02 9.899999999999999911e-01 -1.286909619270342267e-02 1.285101142806056862e-02
8.261850339129377385e-01 1.000000000000000021e-02 2.485031599055065668e-02 -1.036101144485414294e-02
1.000000000000000021e-02 9.899999999999999911e-01 -1.249111758155180794e-02 1.247542503412483149e-02
8.294532900777001894e-01 1.000000000000000021e-02 3.983106062932138119e-02 -1.023551117026641998e-02
1.000000000000000021e-02 9.899999999999999911e-01 -1.208979695578615322e-02 1.207660478416076530e-02
8.342172022085790895e-01 1.000000000000000021e-02 5.437954397365238335e-02 -1.008461593800333983e-02
1.000000000000000021e-02 9.899999999999999911e-01 -1.166869389043837836e-02 1.165808293312158191e-02
8.404268463496499253e-01 1.000000000000000021e-02 6.838762909466182538e-02 -9.913980975409259627e-03
1.000000000000000021e-02 9.899999999999999911e-01 -1.123154416006981633e-02 1.122356842890354089e-02
8.480216765134109824e-01 1.000000000000000021e-02 8.175442542065515517e-02 -9.729636850808621312e-03
1.000000000000000021e-02 9.899999999999999911e-01 -1.078222663657455935e-02 1.077691416183059261e-02
8.569312692400994358e-01 1.000000000000000021e-02 9.438530330343944397e-02 -9.537788623942191485e-03
1.000000000000000021e-02 9.899999999999999911e-01 -1.032472888218614014e-02 1.032208283222171494e-02
8.670759799130096646e-01 1.000000000000000021e-02 1.061912252639648779e-01 -9.344643462348180274e-03
1.000000000000000021e-02 9.899999999999999911e-01 -9.863111744055994695e-03 9.863111743398697562e-03
8.783675426173832568e-01 1.000000000000000021e-02 1.170884357566551598e-01 -9.156266032915930109e-03
1.000000000000000021e-02 9.899999999999999911e-01 -9.401473267824209459e-03 9.404076840760066530e-03
8.907096454759019233e-01 1.000000000000000021e-02 1.269984615234537040e-01 -8.978458545865972140e-03
1.000000000000000021e-02 9.899999999999999911e-01 -8.943912255090830446e-03 8.949056330564031381e-03
9.039985056284989273e-01 1.000000000000000021e-02 1.358483106567035248e-01 -8.816660504212987803e-03
1.000000000000000021e-02 9.899999999999999911e-01 -8.494491794093842613e-03 8.502094218568569464e-03
9.181234562728634030e-01 1.000000000000000021e-02 1.435707293230429060e-01 -8.675861652143387892e-03
1.000000000000000021e-02 9.899999999999999911e-01 -8.057203093868878577e-03 8.067164111685398709e-03
9.329675436590330051e-01 1.000000000000000021e-02 1.501043881592259710e-01 -8.560520603040182308e-03
1.000000000000000021e-02 9.899999999999999911e-01 -7.635929949631438222e-03 7.648133624259625431e-03
9.484081228041935097e-01 1.000000000000000021e-02 1.553939207790807908e-01 -8.474481173336052831e-03
1.000000000000000021e-02 9.899999999999999911e-01 -7.234414161308336255e-03 7.248729724142611956e-03
9.643174360408942603e-01 1.000000000000000021e-02 1.593898199948699801e-01 -8.420879217345932088e-03
1.000000000000000021e-02 9.899999999999999911e-01 -6.856222217861642279e-03 6.872505343378252154e-03
9.805631653629035549e-01 1.000000000000000021e-02 1.620482924861695595e-01 -8.402034925767375151e-03
1.000000000000000021e-02 9.899999999999999911e-01 -6.504713547871401533e-03 6.522807563984288348e-03
9.970089635510750448e-01 1.000000000000000021e-02 1.633312607827661078e-01 -8.419329627896120216e-03
1.000000000000000021e-02 9.899999999999999911e-01 -6.183010621468106212e-03 6.202747670919499419e-03
1.013514992830992112e+00 1.000000000000000021e-02 1.632067524856475327e-01 -8.473071883442068186e-03
1.000000000000000021e-02 9.899999999999999911e-01 -5.893971170924963005e-03 5.915173344080138645e-03
1.029938524336249550e+00 1.000000000000000021e-02 1.616499109266577305e-01 -8.562364711998601829e-03
1.000000000000000021e-02 9.899999999999999911e-01 -5.640162776948801082e-03 5.662643237414777264e-03
1.046134672999581516e+00 1.000000000000000021e-02 1.586447824726338884e-01 -8.684992861170137690e-03
1.000000000000000021e-02 9.899999999999999911e-01 -5.423840045373925188e-03 5.447404168194901024e-03
1.061957353049874042e+00 1.000000000000000021e-02 1.541868854227582963e-01 -8.837354701762140108e-03
1.000000000000000021e-02 9.899999999999999911e-01 -5.246924574914225634e-03 5.271371113305258795e-03
1.077260530852639064e+00 1.000000000000000021e-02 1.482863676121855545e-01 -9.014465442440562637e-03
1.000000000000000021e-02 9.899999999999999911e-01 -5.110987891082371080e-03 5.136110181950382866e-03
1.091899822633145556e+00 1.000000000000000021e-02 1.409713555468143642e-01 -9.210055288951315977e-03
1.000000000000000021e-02 9.899999999999999911e-01 -5.017237494666087518e-03 5.042824706645149084e-03
1.105734436856025349e+00 1.000000000000000021e-02 1.322909419540323206e-01 -9.416777051922745057e-03
1.000000000000000021e-02 9.899999999999999911e-01 -4.966506145433230435e-03 4.992344566909967009e-03
1.118629399526224422e+00 1.000000000000000021e-02 1.223172070181086507e-01 -9.626522996927441844e-03
1.000000000000000021e-02 9.899999999999999911e-01 -4.959244473497264639e-03 4.985118831735922511e-03
1.130457940498850844e+00 1.000000000000000021e-02 1.111457522468733000e-01 -9.830833015917264661e-03
1.000000000000000021e-02 9.899999999999999911e-01 -4.995516981748659123e-03 5.021211780430667390e-03
1.141103873333459084e+00 1.000000000000000021e-02 9.889444269452295211e-02 -1.002135932809226915e-02
1.000000000000000021e-02 9.899999999999999911e-01 -5.075001473711236895e-03 5.100302333063304501e-03
1.150463779907166639e+00 1.000000000000000021e-02 8.570036137006427357e-02 -1.019034106077877644e-02
1.000000000000000021e-02 9.899999999999999911e-01 -5.196991911641401889e-03 5.221686895356671305e-03
1.158448825501818158e+00 1.000000000000000021e-02 7.171529862413103529e-02 -1.033103881121263251e-02
1.000000000000000021e-02 9.899999999999999911e-01 -5.360404680438427862e-03 5.384285595224920506e-03
1.164986072296846142e+00 1.000000000000000021e-02 5.710035283620559787e-02 -1.043808528104544706e-02
1.000000000000000021e-02 9.899999999999999911e-01 -5.563788203538557603e-03 5.586651861133888793e-03
1.170019226236139520e+00 1.000000000000000021e-02 4.202033887637296461e-02 -1.050772203644613489e-02
1.000000000000000021e-02 9.899999999999999911e-01 -5.805335828078456509e-03 5.826985264855306761e-03
1.173508821520605316e+00 1.000000000000000021e-02 2.663867511418140793e-02 -1.053791030009173200e-02
1.000000000000000021e-02 9.899999999999999911e-01 -6.082901867909292978e-03 6.103147523694546668e-03
1.175431912363314346e+00 1.000000000000000021e-02 1.111326215364735574e-02 -1.052832129316220652e-02
1.000000000000000021e-02 9.899999999999999911e-01 -6.394020665317663200e-03 6.412681529573680851e-03
1.175781385090663322e+00 1.000000000000000021e-02 -4.406362910127064464e-03 -1.048022527647059568e-02
1.000000000000000021e-02 9.899999999999999911e-01 -6.735928504977503790e-03 6.752833244609546780e-03
1.174565023464520630e+00 1.000000000000000021e-02 -1.978055544837528656e-02 -1.039630616263189505e-02
1.000000000000000021e-02 9.899999999999999911e-01 -7.105588188076729893e-03 7.120576275365751023e-03
1.171804456693151364e+00 1.000000000000000021e-02 -3.487993771822363309e-02 -1.028043048050832596e-02
1.000000000000000021e-02 9.899999999999999911e-01 -7.499716049480021664e-03 7.512638911723215455e-03
1.167534097437387342e+00 1.000000000000000021e-02 -4.958491396948525032e-02 -1.013739671926802005e-02
1.000000000000000021e-02 9.899999999999999911e-01 -7.914811178356344346e-03 7.925533389764474398e-03
1.161800144828593284e+00 1.000000000000000021e-02 -6.378467693862180377e-02 -9.972685737706220993e-03
1.000000000000000021e-02 9.899999999999999911e-01 -8.347186581313895820e-03 8.355587115156389022e-03
1.154659692013753292e+00 1.000000000000000021e-02 -7.737604254868211962e-02 -9.792226677088344822e-03
1.000000000000000021e-02 9.899999999999999911e-01 -8.793002008707974729e-03 8.798975561225410441e-03
1.146179946672070349e+00 1.000000000000000021e-02 -9.026238597265728858e-02 -9.602187003529029374e-03
1.000000000000000021e-02 9.899999999999999911e-01 -9.248298148331059523e-03 9.251756536637694220e-03
1.136437548428465227e+00 1.000000000000000021e-02 -1.023528576229830456e-01 -9.408790576509451498e-03
1.000000000000000021e-02 9.899999999999999911e-01 -9.709031877731463811e-03 9.709905502749549902e-03
1.125517953941657989e+00 1.000000000000000021e-02 -1.135619547591379397e-01 -9.218164026699414426e-03
1.000000000000000021e-02 9.899999999999999911e-01 -1.017111225581554534e-02 1.016935160815083013e-02
1.113514856660270169e+00 1.000000000000000021e-02 -1.238094282980271577e-01 -9.036209037212479533e-03
1.000000000000000021e-02 9.899999999999999911e-01 -1.063043692765293889e-02 1.062601410040228678e-02
1.100529613644960270e+00 1.000000000000000021e-02 -1.330204305911722729e-01 -8.868496192190183924e-03
1.000000000000000021e-02 9.899999999999999911e-01 -1.108292861267724631e-02 1.107583877220309938e-02
1.086670663117366598e+00 1.000000000000000021e-02 -1.411257687452963372e-01 -8.720174314298494156e-03
1.000000000000000021e-02 9.899999999999999911e-01 -1.152457134616298798e-02 1.151483409963822112e-02
1.072052929672107080e+00 1.000000000000000021e-02 -1.480621261392475185e-01 -8.595888080433107536e-03
1.000000000000000021e-02 9.899999999999999911e-01 -1.195144614736965392e-02 1.193910673708047446e-02
1.056797226674538237e+00 1.000000000000000021e-02 -1.537721544089040160e-01 -8.499695993043066000e-03
1.000000000000000021e-02 9.899999999999999911e-01 -1.235976579401856616e-02 1.234489604249743196e-02
1.041029670259875362e+00 1.000000000000000021e-02 -1.582044104988297173e-01 -8.434981073530446738e-03
1.000000000000000021e-02 9.899999999999999911e-01 -1.274590839262770836e-02 1.272860732167856168e-02
1.024881118097162425e+00 1.000000000000000021e-02 -1.613132082200346984e-01 -8.404348361343294549e-03
1.000000000000000021e-02 9.899999999999999911e-01 -1.310644944721298805e-02 1.308684349684554812e-02
1.008486632888344836e+00 1.000000000000000021e-02 -1.630585458091155793e-01 -8.409506661779392322e-03
1.000000000000000021e-02 9.899999999999999911e-01 -1.343819214389416900e-02 1.341643492635234691e-02
9.919849511802067976e-01 1.000000000000000021e-02 -1.634063385542398328e-01 -8.451137257343109555e-03
1.000000000000000021e-02 9.899999999999999911e-01 -1.373819558730059696e-02 1.371446712374350604e-02
9.755179113557866932e-01 1.000000000000000021e-02 -1.623291994269984717e-01 -8.528758991253361510e-03
1.000000000000000021e-02 9.899999999999999911e-01 -1.400380074452630373e-02 1.397830614994523268e-02
9.592297733078013477e-01 1.000000000000000021e-02 -1.598079583684051397e-01 -8.640606354221903873e-03
1.000000000000000021e-02 9.899999999999999911e-01 -1.423265387446789876e-02 1.420562147689370149e-02
9.432663457220280545e-01 1.000000000000000021e-02 -1.558339816076781403e-01 -8.783543548203896767e-03
1.000000000000000021e-02 9.899999999999999911e-01 -1.442272724335022169e-02 1.439440614637709469e-02
9.277738395731038867e-01 1.000000000000000021e-02 -1.504121675705580585e-01 -8.953041030984945636e-03
1.000000000000000021e-02 9.899999999999999911e-01 -1.457233695262858189e-02 1.454299407472898348e-02
9.128973880375493843e-01 1.000000000000000021e-02 -1.435642875731316381e-01 -9.143239836366563733e-03
1.000000000000000021e-02 9.899999999999999911e-01 -1.468015772997295111e-02 1.465007437686019834e-02
8.987792153187178501e-01 1.000000000000000021e-02 -1.353321611679940417e-01 -9.347121900267485461e-03
1.000000000000000021e-02 9.899999999999999911e-01 -1.474523456134781141e-02 1.471470260999100353e-02
8.855564949555031484e-01 1.000000000000000021e-02 -1.257800645004239215e-01 -9.556791597019678730e-03
1.000000000000000021e-02 9.899999999999999911e-01 -1.476699106822221448e-02 1.473630885911591214e-02
8.733590002522340079e-01 1.000000000000000021e-02 -1.149958067878922574e-01 -9.763856552479424633e-03
1.000000000000000021e-02 9.899999999999999911e-01 -1.474523456134781141e-02 1.471470260997745014e-02
8.623067017570719139e-01 1.000000000000000021e-02 -1.030900856908555790e-01 -9.959878269349964341e-03
1.000000000000000021e-02 9.899999999999999911e-01 -1.468015772997295111e-02 1.465007437684664494e-02
8.525074967705599249e-01 1.000000000000000021e-02 -9.019401685689569514e-02 -1.013684897658998288e-02
1.000000000000000021e-02 9.899999999999999911e-01 -1.457233695262858189e-02 1.454299407472898348e-02
8.440552540282311167e-01 1.000000000000000021e-02 -7.645505817316768093e-02 -1.028764490116533883e-02
1.000000000000000021e-02 9.899999999999999911e-01 -1.442272724335022169e-02 1.439440614640419974e-02
8.370283218198680819e-01 1.000000000000000021e-02 -6.203183177316612396e-02 -1.040640901803311508e-02
1.000000000000000021e-02 9.899999999999999911e-01 -1.423265387446789876e-02 1.420562147688014809e-02
8.314885894845565062e-01 1.000000000000000021e-02 -4.708851791479442411e-02 -1.048882802969853048e-02
1.000000000000000021e-02 9.899999999999999911e-01 -1.400380074452630373e-02 1.397830614997233774e-02
8.274811203692303829e-01 1.000000000000000021e-02 -3.178951563578423511e-02 -1.053228535039408414e-02
1.000000000000000021e-02 9.899999999999999911e-01 -1.373819558730059696e-02 1.371446712375705944e-02
8.250343065765356476e-01 1.000000000000000021e-02 -1.629494705646463912e-02 -1.053589003389455991e-02
1.000000000000000021e-02 9.899999999999999911e-01 -1.343819214389416900e-02 1.341643492636590031e-02
8.241604446919025273e-01 1.000000000000000021e-02 -7.573703712018166204e-04 -1.050039685218619179e-02
1.000000000000000021e-02 9.899999999999999911e-01 -1.310644944721298805e-02 1.308684349684554812e-02
8.248566031930838482e-01 1.000000000000000021e-02 1.468017881442549438e-02 -1.042804248586382855e-02
1.000000000000000021e-02 9.899999999999999911e-01 -1.274590839262770836e-02 1.272860732167856168e-02
8.271056486324505075e-01 1.000000000000000021e-02 2.988491891448138635e-02 -1.032232663149908365e-02
1.000000000000000021e-02 9.899999999999999911e-01 -1.235976579401856616e-02 1.234489604251098535e-02
8.308773143503153102e-01 1.000000000000000021e-02 4.473408612293153924e-02 -1.018776526223621852e-02
1.000000000000000021e-02 9.899999999999999911e-01 -1.195144614736965392e-02 1.193910673708047446e-02
8.361292253044829703e-01 1.000000000000000021e-02 5.911407104086923575e-02 -1.002963878848862553e-02
1.000000000000000021e-02 9.899999999999999911e-01 -1.152457134616298798e-02 1.151483409963822112e-02
8.428078276222762399e-01 1.000000000000000021e-02 7.291927642396689446e-02 -9.853751562372437683e-03
1.000000000000000021e-02 9.899999999999999911e-01 -1.108292861267724631e-02 1.107583877219632355e-02
8.508492050008552576e-01 1.000000000000000021e-02 8.605099453552453315e-02 -9.666213243134276489e-03
1.000000000000000021e-02 9.899999999999999911e-01 -1.063043692765293889e-02 1.062601410040906261e-02
8.601797908344399612e-01 1.000000000000000021e-02 9.841651628557120113e-02 -9.473247334582796109e-03
1.000000000000000021e-02 9.899999999999999911e-01 -1.017111225581554534e-02 1.016935160815760596e-02
8.707170019678885931e-01 1.000000000000000021e-02 1.099285821856265527e-01 -9.281028271542098029e-03
1.000000000000000021e-02 9.899999999999999911e-01 -9.709031877731463811e-03 9.709905502756325732e-03
8.823698269473612132e-01 1.000000000000000021e-02 1.205051848903859052e-01 -9.095545471849743324e-03
1.000000000000000021e-02 9.899999999999999911e-01 -9.248298148331059523e-03 9.251756536637694220e-03
8.950393991460541265e-01 1.000000000000000021e-02 1.300696503852725727e-01 -8.922490584155513826e-03
1.000000000000000021e-02 9.899999999999999911e-01 -8.793002008707974729e-03 8.798975561238962101e-03
9.086195752721938357e-01 1.000000000000000021e-02 1.385508720161930662e-01 -8.767162422039162517e-03
1.000000000000000021e-02 9.899999999999999911e-01 -8.347186581313895820e-03 8.355587115149613192e-03
9.229975261764706840e-01 1.000000000000000021e-02 1.458835565673263779e-01 -8.634382678350364937e-03
1.000000000000000021e-02 9.899999999999999911e-01 -7.914811178356344346e-03 7.925533389744146909e-03
9.380543355294220786e-01 1.000000000000000021e-02 1.520083659673236443e-01 -8.528414664147471180e-03
1.000000000000000021e-02 9.899999999999999911e-01 -7.499716049480021664e-03 7.512638911716439626e-03
9.536655910259047575e-01 1.000000000000000021e-02 1.568719035036775233e-01 -8.452877206781977959e-03
1.000000000000000021e-02 9.899999999999999911e-01 -7.105588188076729893e-03 7.120576275372527721e-03
9.697019547902978598e-01 1.000000000000000021e-02 1.604265801287765858e-01 -8.410647032780146914e-03
1.000000000000000021e-02 9.899999999999999911e-01 -6.735928504977503790e-03 6.752833244609546780e-03
9.860297072055028700e-01 1.000000000000000021e-02 1.626304936184173877e-01 -8.403745758089539719e-03
1.000000000000000021e-02 9.899999999999999911e-01 -6.394020665317663200e-03 6.412681529580457548e-03
1.002511276051515798e+00 1.000000000000000021e-02 1.634475319422417361e-01 -8.433212258076097645e-03
1.000000000000000021e-02 9.899999999999999911e-01 -6.082901867909292978e-03 6.103147523701323365e-03
1.019005788218889874e+00 1.000000000000000021e-02 1.628479460276865687e-01 -8.498967466537450666e-03
1.000000000000000021e-02 9.899999999999999911e-01 -5.805335828078456509e-03 5.826985264858694676e-03
1.035369705276754537e+00 1.000000000000000021e-02 1.608096080730992972e-01 -8.599685840282762783e-03
1.000000000000000021e-02 9.899999999999999911e-01 -5.563788203538557603e-03 5.586651861140665490e-03
1.051457622586248863e+00 1.000000000000000021e-02 1.573200678032941058e-01 -8.732694595768066004e-03
1.000000000000000021e-02 9.899999999999999911e-01 -5.360404680438427862e-03 5.384285595224920506e-03
1.067123316067097871e+00 1.000000000000000021e-02 1.523793497656923401e-01 -8.893926428232140635e-03
1.000000000000000021e-02 9.899999999999999911e-01 -5.196991911641401889e-03 5.221686895356671305e-03
1.082221106869115657e+00 1.000000000000000021e-02 1.460032280564075580e-01 -9.077952075166664803e-03
1.000000000000000021e-02 9.899999999999999911e-01 -5.075001473711236895e-03 5.100302333073468246e-03
1.096607577006492251e+00 1.000000000000000021e-02 1.382265213974555595e-01 -9.278113983807352583e-03
1.000000000000000021e-02 9.899999999999999911e-01 -4.995516981748659123e-03 5.021211780437444087e-03
1.110143615884474855e+00 1.000000000000000021e-02 1.291058247108360924e-01 -9.486771189253472014e-03
1.000000000000000021e-02 9.899999999999999911e-01 -4.959244473497264639e-03 4.985118831739310426e-03
1.122696715454144512e+00 1.000000000000000021e-02 1.187210842875643657e-01 -9.695649494205482721e-03
1.000000000000000021e-02 9.899999999999999911e-01 -4.966506145433230435e-03 4.992344566906578227e-03
1.134143374806755533e+00 1.000000000000000021e-02 1.071755541078760615e-01 -9.896273081718386100e-03
1.000000000000000021e-02 9.899999999999999911e-01 -5.017237494666087518e-03 5.042824706645149084e-03
1.144371435903853040e+00 1.000000000000000021e-02 9.459392539997976690e-02 -1.008043804142213021e-02
1.000000000000000021e-02 9.899999999999999911e-01 -5.110987891082371080e-03 5.136110181940218254e-03
1.153282162718588300e+00 1.000000000000000021e-02 8.111874233028733283e-02 -1.024067906169046083e-02
1.000000000000000021e-02 9.899999999999999911e-01 -5.246924574910837719e-03 5.271371113301870880e-03
1.160791900790476339e+00 1.000000000000000021e-02 6.690552213520305214e-02 -1.037068031022611928e-02
1.000000000000000021e-02 9.899999999999999911e-01 -5.423840045373925188e-03 5.447404168201677721e-03
1.166833205839168830e+00 1.000000000000000021e-02 5.211721236362708287e-02 -1.046559062410070892e-02
1.000000000000000021e-02 9.899999999999999911e-01 -5.640162776948801082e-03 5.662643237418165179e-03
1.171355398978118911e+00 1.000000000000000021e-02 3.691869010066166357e-02 -1.052221869330500700e-02
1.000000000000000021e-02 9.899999999999999911e-01 -5.893971170924963005e-03 5.915173344076750730e-03
1.174324576691288868e+00 1.000000000000000021e-02 2.147193284263680668e-02 -1.053910231198077613e-02
1.000000000000000021e-02 9.899999999999999911e-01 -6.183010621468106212e-03 6.202747670919499419e-03
1.175723162013898371e+00 1.000000000000000021e-02 5.932303127857284537e-03 -1.051646231233402395e-02
1.000000000000000021e-02 9.899999999999999911e-01 -6.504713547871401533e-03 6.522807563991064178e-03
1.175549119229817308e+00 1.000000000000000021e-02 -9.553851501261680090e-03 -1.045606360643039530e-02
1.000000000000000021e-02 9.899999999999999911e-01 -6.856222217861642279e-03 6.872505343385028852e-03
1.173814966554788120e+00 1.000000000000000021e-02 -2.485031647499929067e-02 -1.036101144358020539e-02
1.000000000000000021e-02 9.899999999999999911e-01 -7.234414161308336255e-03 7.248729724142611956e-03
1.170546710343564278e+00 1.000000000000000021e-02 -3.983106106034595834e-02 -1.023551116910090264e-02
1.000000000000000021e-02 9.899999999999999911e-01 -7.635929949631438222e-03 7.648133624252849601e-03
1.165782798182128044e+00 1.000000000000000021e-02 -5.437954436754303261e-02 -1.008461593507599396e-02
1.000000000000000021e-02 9.899999999999999911e-01 -8.057203093868878577e-03 8.067164111692174538e-03
1.159573154003336715e+00 1.000000000000000021e-02 -6.838762944453387338e-02 -9.913980972210863218e-03
1.000000000000000021e-02 9.899999999999999911e-01 -8.494491794093842613e-03 8.502094218575345294e-03
1.151978323805860294e+00 1.000000000000000021e-02 -8.175442573127908452e-02 -9.729636848748637185e-03
1.000000000000000021e-02 9.899999999999999911e-01 -8.943912255090830446e-03 8.949056330557255551e-03
1.143068731049290854e+00 1.000000000000000021e-02 -9.438530357936888993e-02 -9.537788619225912035e-03
1.000000000000000021e-02 9.899999999999999911e-01 -9.401473267824209459e-03 9.404076840746514870e-03
1.132924020339228566e+00 1.000000000000000021e-02 -1.061912254995620031e-01 -9.344643460396616363e-03
1.000000000000000021e-02 9.899999999999999911e-01 -9.863111744055994695e-03 9.863111743398697562e-03
1.121632457547568018e+00 1.000000000000000021e-02 -1.170884359076845155e-01 -9.156266029771743808e-03
