3.954205759878968718e-01 4.048772239912241111e-01 -9.082046033513184458e-02 1.025456876057225380e-01
9.998119623249016596e-01 3.850744110745805693e-01 -7.683035561294819168e-03 -2.979713452866043499e-01
3.871894446995882144e-01 4.158505618976188756e-01 -7.947293504303083733e-02 1.196218874279416228e-01
9.988836594689410875e-01 3.561929509049083231e-01 -1.885340678150701499e-02 -2.853434488103770428e-01
3.801995895620104982e-01 4.284150151748375435e-01 -6.696929810007246076e-02 1.338289828077080801e-01
9.966436494209840458e-01 3.287465937944895611e-01 -3.375878253302164872e-02 -2.693389453339740669e-01
3.745313681898233549e-01 4.422810593432577320e-01 -5.383105047366646551e-02 1.452165804642172875e-01
9.927202532240901878e-01 3.030337554858725246e-01 -5.192085435086016970e-02 -2.506015451732984678e-01
3.702183952443128256e-01 4.571684844279224058e-01 -4.049369827184105125e-02 1.539330571042237528e-01
9.867942662971543877e-01 2.792881833946031511e-01 -7.275397646544039254e-02 -2.298246256921219477e-01
3.672569529859366910e-01 4.728156554148305046e-01 -2.729254392162354034e-02 1.602041078222852521e-01
9.786116087957079657e-01 2.576766136223285208e-01 -9.558037143639804001e-02 -2.077081007224867992e-01
3.656159980188317671e-01 4.889863498458367763e-01 -1.446079904201165965e-02 1.643089058538567959e-01
9.679943988215352624e-01 2.383000521747204448e-01 -1.196465011787939403e-01 -1.849200941018980249e-01
3.652467474523659607e-01 5.054739636726042207e-01 -2.137314124295297546e-03 1.665526846277483874e-01
9.548498427217385620e-01 2.211979033579857257e-01 -1.441439931697726384e-01 -1.620697379472087751e-01
3.660912850886022807e-01 5.221032690109623786e-01 9.621847975778882386e-03 1.672463235055654529e-01
9.391758712465551051e-01 2.063541896571101930e-01 -1.682398352841988631e-01 -1.396887600776016425e-01
3.680898998928128774e-01 5.387299174223273424e-01 2.082903133998614820e-02 1.666835414855053765e-01
9.210620632298319732e-01 1.937053545308718150e-01 -1.911194702601537454e-01 -1.182162961306520987e-01
3.711871282488327095e-01 5.552381748872247114e-01 3.155255394460265705e-02 1.651282348381447884e-01
9.006844249756605914e-01 1.831489830673896368e-01 -2.120412794052543293e-01 -9.799373871498724686e-02
3.753364990397187184e-01 5.715372259701585467e-01 4.190216710877233547e-02 1.628000056314952426e-01
8.782932101183780205e-01 1.745529592484802162e-01 -2.303957346815044271e-01 -7.926491690674979107e-02
3.805041120048051617e-01 5.875565958314497017e-01 5.201811462361242283e-02 1.598685673865710977e-01
8.541941518388570520e-01 1.677647228676040769e-01 -2.457584230309654283e-01 -6.217739651736183676e-02
3.866711271632435332e-01 6.032409773810559761e-01 6.205998057118300437e-02 1.564494790130358803e-01
8.287250026014045812e-01 1.626199943551838167e-01 -2.579233687449259960e-01 -4.679461408062709354e-02
3.938352073231354833e-01 6.185448093246568302e-01 7.219586763834717758e-02 1.526023974176190234e-01
8.022304903564017042e-01 1.589507928757278865e-01 -2.669068862997762692e-01 -3.310444155491901880e-02
4.020109627528002383e-01 6.334268124538443567e-01 8.259266971501662280e-02 1.483323106519588708e-01
7.750392290814863694e-01 1.565922733581070758e-01 -2.729209261307282142e-01 -2.103489818092163510e-02
4.112292960710118850e-01 6.478446447211576587e-01 9.340378063817562915e-02 1.435907237348765797e-01
7.474455541174810369e-01 1.553882675209765085e-01 -2.763229912360516960e-01 -1.046810951810250856e-02
4.215355576757444100e-01 6.617498345997465670e-01 1.047570909346965812e-01 1.382807283863603798e-01
7.196980335815167384e-01 1.551954125242761828e-01 -2.775533534613479625e-01 -1.254769717527285614e-03
4.329863008506395494e-01 6.750830353961372321e-01 1.167399431035535534e-01 1.322600900836393978e-01
6.919948539495622830e-01 1.558859403355962459e-01 -2.770747695330736948e-01 6.773433839276273190e-03
4.456443124909404419e-01 6.877697448219055598e-01 1.293803177556303863e-01 1.253470407770277684e-01
6.644850929417515095e-01 1.573493064038774258e-01 -2.753229514246742782e-01 1.379365464441543489e-02
4.595716331545233180e-01 6.997166071044020885e-01 1.426261286181322030e-01 1.173279107642237057e-01
6.372742176035690598e-01 1.594928800894448162e-01 -2.726733137973132437e-01 1.998415979573286982e-02
4.748201931671106601e-01 7.108084896608191094e-01 1.563206517447383315e-01 1.079672771880924032e-01
6.104320075507232435e-01 1.622419943613779836e-01 -2.694240221270960411e-01 2.552047231064539720e-02
4.914198657608890297e-01 7.209065009781089328e-01 1.701770711108145095e-01 9.701864266363029177e-02
5.840013829961419045e-01 1.655395684661850053e-01 -2.657910417545409909e-01 3.057189714578134598e-02
5.093639964862975988e-01 7.298472732058317591e-01 1.837555443362504093e-01 8.423987810785016350e-02
5.580069806983145586e-01 1.693455729206365945e-01 -2.619139384459993614e-01 3.530233297702189965e-02
5.285930912856814379e-01 7.374438035853392304e-01 1.964498460571562077e-01 6.941206269252726824e-02
5.324628219433701348e-01 1.736364894699990169e-01 -2.578652786300317246e-01 3.987105394685312026e-02
5.489782489633048268e-01 7.434881745052626112e-01 2.074950138306053127e-01 5.236037440431440260e-02
5.073787369570912364e-01 1.784048924258227198e-01 -2.536628422219096568e-01 4.443430890246902187e-02
5.703070106849614795e-01 7.477563655343457683e-01 2.160047501744329634e-01 3.297577723844943159e-02
4.827654787297585015e-01 1.836592512845371117e-01 -2.492815437705556969e-01 4.914871246907333985e-02
5.922753793332418137e-01 7.500152701680612433e-01 2.210489438182287325e-01 1.123605792667052052e-02
4.586386280246139702e-01 1.894240050734487257e-01 -2.446639738723499491e-01 5.417407899245089281e-02
6.144903371249553770e-01 7.500318163452789344e-01 2.217758622811520086e-01 -1.277579055741773217e-02
4.350214551617613834e-01 1.957398431162272190e-01 -2.397291659639773920e-01 5.967503230684215870e-02
6.364861174490584750e-01 7.475836959095090162e-01 2.175572209490531927e-01 -3.886264100573984942e-02
4.119469379649421947e-01 2.026642029254312471e-01 -2.343792647787242556e-01 6.582317213279138823e-02
6.577552024012284226e-01 7.424709974917532707e-01 2.081343223672704745e-01 -6.671160442348982034e-02
3.894591004249171595e-01 2.102718240325226751e-01 -2.285050323067490952e-01 7.279682420063826598e-02
6.777908155946960056e-01 7.345277451012479641e-01 1.937132479007397379e-01 -9.590564969732169598e-02
3.676138086828843465e-01 2.186551849789639401e-01 -2.219904740030642643e-01 8.077873708013198761e-02
6.961340518857723758e-01 7.236324096880331069e-01 1.749820237711049165e-01 -1.259423483233416408e-01
3.464791055862129765e-01 2.279245952439853951e-01 -2.147165232627146203e-01 8.995170135255488308e-02
7.124166205550662712e-01 7.097166936650204372e-01 1.530307761690719026e-01 -1.562560962032703282e-01
3.261350800650378301e-01 2.382075361288545912e-01 -2.065660158536800906e-01 1.004886945795794712e-01
7.263913145170756147e-01 6.927723035193718015e-01 1.292001063924371473e-01 -1.862420292835879343e-01
3.066732773894791375e-01 2.496469074484115314e-01 -1.974279794289083567e-01 1.125408671392991167e-01
7.379458031317270850e-01 6.728559268463589760e-01 1.048981531914794374e-01 -2.152703581341971206e-01
2.881955630697189963e-01 2.623975716536151581e-01 -1.872044515342785598e-01 1.262180897703783222e-01
7.470997925512690152e-01 6.500926979994109400e-01 8.143240967997678048e-02 -2.426972137391236739e-01
2.708124652124187515e-01 2.766206890907892957e-01 -1.758153768463092403e-01 1.415655037258212179e-01
7.539889443005101111e-01 6.246783469914252152e-01 5.988694527780946686e-02 -2.678733618186046606e-01
2.546409199515602961e-01 2.924751890367908724e-01 -1.632063715330719089e-01 1.585333505767690665e-01
7.588404306211168349e-01 5.968798651711364478e-01 4.105418282181657469e-02 -2.901513979277718369e-01
2.398016199026229145e-01 3.101059429794005839e-01 -1.493515656911248435e-01 1.769433855362360364e-01
7.619448141308052813e-01 5.670336314368625841e-01 2.541561291517317397e-02 -3.089081843203611566e-01
2.264159957410463164e-01 3.296283931628661290e-01 -1.342587960737051667e-01 1.964549151597013432e-01
7.636277842726407750e-01 5.355397434568953674e-01 1.315683211105163862e-02 -3.235800623887369332e-01
2.146031859579169421e-01 3.511099506990074670e-01 -1.179676798607198762e-01 2.165340941689963827e-01
7.642240903382051531e-01 5.028512014511801187e-01 4.205048288163000698e-03 -3.337098686406516079e-01
2.044771376466044677e-01 3.745493451324980461e-01 -1.005487129714562472e-01 2.364397217735625389e-01
7.640549703521920533e-01 4.694572163631011152e-01 -1.723114881104400361e-03 -3.390040710429346738e-01
1.961441181344540652e-01 3.998561548666809684e-01 -8.209731425928845638e-02 2.552316765112398467e-01
7.634097890412187004e-01 4.358611239219754019e-01 -5.068549822328146867e-03 -3.393840953573243335e-01
1.897006826146468705e-01 4.268340488372450170e-01 -6.272856348012630090e-02 2.718176502977676101e-01
7.625321818013586217e-01 4.025548868131277880e-01 -6.377081680717286080e-03 -3.350143989247951759e-01
1.852320466725811410e-01 4.551720530052516533e-01 -4.257272385778850671e-02 2.850439728072085011e-01
7.616106977543919410e-01 3.699934641175847694e-01 -6.251136658077157890e-03 -3.263028323823487509e-01
1.828107028614209262e-01 4.844481565433758630e-01 -2.177121714158625210e-02 2.938250664325884887e-01
7.607736640224785907e-01 3.385727366697370844e-01 -5.308478432727628191e-03 -3.138567773852569687e-01
1.824948773671338509e-01 5.141480514021705694e-01 -4.788780390748333398e-04 2.972990798266739176e-01
7.600877091636460969e-01 3.086136931255998306e-01 -4.150525572104574179e-03 -2.984256311457014199e-01
1.843265733368608938e-01 5.436986298783272886e-01 2.113297484692318665e-02 2.949682447577391398e-01
7.595591628126437955e-01 2.803550780012141752e-01 -3.341079921623593685e-03 -2.808116036216636857e-01
1.883289064513836153e-01 5.725122324646786387e-01 4.286958026298674090e-02 2.867955995374445455e-01
7.591374500061118802e-01 2.539538557808759256e-01 -3.394605235506701572e-03 -2.618028457942259690e-01
1.945027185644299106e-01 6.000341534783909525e-01 6.450607552740035555e-02 2.732180521408666962e-01
7.587196160650551136e-01 2.294926794204433518e-01 -4.772453922792981203e-03 -2.421014624692435502e-01
2.028227270278604166e-01 6.257851306910076072e-01 8.578447408906046678e-02 2.550808442710235657e-01
7.581552740667172330e-01 2.069916390065606460e-01 -7.884291621772695699e-03 -2.222924004116278440e-01
2.132337314348138890e-01 6.493918066842829795e-01 1.064146577245406178e-01 2.335024735580781829e-01
7.572515051641917072e-01 1.864223350989063221e-01 -1.309183272287367181e-02 -2.028210336281361659e-01
2.256477139235991414e-01 6.706018446096941865e-01 1.260848127756138692e-01 2.097171661076072946e-01
7.557775321985188421e-01 1.677220193185629260e-01 -2.071195793881009869e-02 -1.839974346530837690e-01
2.399427363562149085e-01 6.892840735538739994e-01 1.444789715990268952e-01 1.849274854567872772e-01
7.534692972626049201e-01 1.508064546180050425e-01 -3.101644721947271338e-02 -1.660116204129045425e-01
2.559644880083932206e-01 7.054169288967097051e-01 1.613030350909131772e-01 1.601929212289669169e-01
7.500343980916573949e-01 1.355806236465061654e-01 -4.422556662307559200e-02 -1.489562218551868655e-01
2.735309134601470182e-01 7.190697106074365186e-01 1.763125299578116589e-01 1.363677005021083632e-01
7.451581644679652339e-01 1.219470955805877360e-01 -6.049289622796100857e-02 -1.328475386168891104e-01
2.924398036754446983e-01 7.303809478611068551e-01 1.893388294945304862e-01 1.140818442629809581e-01
7.385119985446322310e-01 1.098118616442726181e-01 -7.987863165186126491e-02 -1.176531114431093455e-01
3.124785758430361216e-01 7.395370777647348737e-01 2.003069586517525202e-01 9.375048832619785333e-02
7.297653929461541678e-01 9.908804493804238001e-02 -1.023095469512384365e-01 -1.033096631257214987e-01
3.334349311278124728e-01 7.467534733504029854e-01 2.092401843572141151e-01 7.560352752409664479e-02
7.186031896362201632e-01 8.969768962617589991e-02 -1.275255864125838523e-01 -8.974238451005024653e-02
3.551069150260169893e-01 7.522587718288377134e-01 2.162516865300556645e-01 5.972182819807825283e-02
7.047494388790469522e-01 8.157206064228601783e-02 -1.550169920318603123e-01 -7.687774003072717077e-02
3.773111123912686882e-01 7.562826600474161776e-01 2.215256522525299587e-01 4.607363777766234486e-02
6.879983175556696473e-01 7.465072383916068754e-02 -1.839633356282358023e-01 -6.465364251843445931e-02
3.998881508826644393e-01 7.590468649209186625e-01 2.252916631653723023e-01 3.454727072009037420e-02
6.682506078016083872e-01 6.887972997720022417e-02 -2.131962584580454623e-01 -5.302726970862989969e-02
4.227052785168977089e-01 7.607588297449879855e-01 2.277979785590226458e-01 2.497647544572970807e-02
6.455511267607031423e-01 6.420921289399726672e-02 -2.412163846602621009e-01 -4.197806144328140171e-02
4.456563150810824436e-01 7.616075758419454944e-01 2.292886273971839195e-01 1.716201895411254702e-02
6.201187335246978183e-01 6.059070542482286603e-02 -2.662982653943666844e-01 -3.150803991903520368e-02
4.686596013653848702e-01 7.617611951627396571e-01 2.299870387629613655e-01 1.088587695217505848e-02
5.923579264526983579e-01 5.797448803101289128e-02 -2.866984868243188656e-01 -2.163962814378620966e-02
4.916546603835388884e-01 7.613655598424591275e-01 2.300857323463597337e-01 5.922769425366810822e-03
5.628420606772820411e-01 5.630738069844958005e-02 -3.009432638807300608e-01 -1.240832413438678651e-02
5.145982460668392378e-01 7.605438847284570203e-01 2.297414651667809837e-01 2.046578457629935968e-03
5.322647407707070677e-01 5.553127152515265758e-02 -3.081198704761821117e-01 -3.855151738350418803e-03
5.374603352377652632e-01 7.593968789125514762e-01 2.290759819265075770e-01 -9.642992584990572880e-04
5.013666090304509382e-01 5.558267657462612199e-02 -3.080681681346998935e-01 3.983424718551065169e-03
5.602204064038257547e-01 7.580032498780973071e-01 2.281789889604923793e-01 -3.324816688169788051e-03
4.708544795525244075e-01 5.639339239728344971e-02 -3.013930588638182306e-01 1.108414321206637430e-02
5.828641611669069800e-01 7.564204355797764512e-01 2.271114236812588061e-01 -5.241668310044614656e-03
4.413326472492287156e-01 5.789209898865069898e-02 -2.892946031456585243e-01 1.744311953384702907e-02
6.053807690428141264e-01 7.546854046093183221e-01 2.259102325115799059e-01 -6.913864776988040348e-03
4.132605014590114978e-01 6.000660977349202285e-02 -2.732883870234607548e-01 2.307915197609829508e-02
6.277605316759449217e-01 7.528155037181311071e-01 2.245906381935040275e-01 -8.531810107940499335e-03
3.869400537456915701e-01 6.266633860215067853e-02 -2.549209524467059285e-01 2.803273659555960418e-02
6.499928943845180163e-01 7.508091758739336985e-01 2.231485469877947381e-01 -1.028026273830473514e-02
3.625277383638526030e-01 6.580465929275471082e-02 -2.355589601033686309e-01 3.236376302194476917e-02
6.720646053957062271e-01 7.486465886452536855e-01 2.215600946274080274e-01 -1.233903372532818565e-02
3.400605199426458558e-01 6.936090199461422690e-02 -2.162799940755993910e-01 3.614687431579416410e-02
6.939579290725921279e-01 7.462901176497198641e-01 2.197814887236471115e-01 -1.488466393427071745e-02
3.194867953953804962e-01 7.328190677936745334e-02 -1.978505341834052578e-01 3.946759324710789191e-02
7.156487248315464011e-01 7.436846981169382698e-01 2.177457720219563020e-01 -1.809157613996692504e-02
3.006955445013850259e-01 7.752312995667802464e-02 -1.807586710543077901e-01 4.241832424837129606e-02
7.371043732852851083e-01 7.407580757663410065e-01 2.153615998127615117e-01 -2.213295753154357476e-02
2.835404439940630850e-01 8.204938526558809564e-02 -1.652708099400430342e-01 4.509569678067213566e-02
7.582814688032716299e-01 7.374210471944100398e-01 2.125098933653905287e-01 -2.718038208856151175e-02
2.678580952879249799e-01 8.683529497263989261e-02 -1.514909017908891431e-01 4.759849652619108085e-02
7.791233914991224641e-01 7.335678159272490673e-01 2.090435415093757354e-01 -3.340089533195497035e-02
2.534808717514139276e-01 9.186553744191014448e-02 -1.394117820916265793e-01 5.002630959165024066e-02
7.995579255171464395e-01 7.290766223149260927e-01 2.047894062338443677e-01 -4.095391358214609673e-02
2.402454489817141547e-01 9.713496652856772051e-02 -1.289548568084858404e-01 5.247870069492038825e-02
8.194951956397165116e-01 7.238108651749345368e-01 1.995530640082806284e-01 -4.998406531962299587e-02
2.279981502024576445e-01 1.026486630090877872e-01 -1.199984682899215144e-01 5.505530335098152150e-02
8.388263292984068364e-01 7.176209635980413948e-01 1.931293697488937477e-01 -6.061273979720190747e-02
2.165980766719614592e-01 1.084219564672460195e-01 -1.123972471926346084e-01 5.785549959860109004e-02
8.574233120738978808e-01 7.103471863634617245e-01 1.853177346392934910e-01 -7.292617638006888836e-02
2.059187850779091722e-01 1.144804723690566323e-01 -1.059943370278898511e-01 6.097912841803351108e-02
8.751405306685545726e-01 7.018237896128585174e-01 1.759427144624551576e-01 -8.696046900856051198e-02
1.958490466990803203e-01 1.208602247092790960e-01 -1.006289553163429856e-01 6.452707776496517666e-02
8.918183873953432483e-01 6.918845373047484149e-01 1.648781695294069538e-01 -1.026879082668963328e-01
1.862930485010804438e-01 1.276077915404683905e-01 -9.614096657730812623e-02 6.860219912887405291e-02
9.072892912686725264e-01 6.803698038849795848e-01 1.520740255805952401e-01 -1.200000881671862557e-01
1.771702726470744116e-01 1.347805933462701555e-01 -9.237330477034529086e-02 7.331048841047414777e-02
9.213859047477853670e-01 6.671351637876008489e-01 1.375791347813885290e-01 -1.386940143866902952e-01
1.684151860008673840e-01 1.424472912206967146e-01 -8.917352936390250673e-02 7.876235407338709471e-02
9.339513545360952351e-01 6.520611827847688780e-01 1.215602523085834719e-01 -1.584622339919257994e-01
1.599768079716239744e-01 1.506883003046860514e-01 -8.639478532203546945e-02 8.507363801156057892e-02
9.448506568699678310e-01 6.350638772948784538e-01 1.043102819444271107e-01 -1.788892800465754218e-01
1.518181889038850430e-01 1.595964098289714139e-01 -8.389666185902588946e-02 9.236681059362113200e-02
9.539823945410912387e-01 6.161050286044346125e-01 8.624449142809649527e-02 -1.994582587358517678e-01
1.439157997961820756e-01 1.692774644960433061e-01 -8.154600577228952873e-02 1.007711758679400854e-01
9.612896364800581628e-01 5.952013640189735000e-01 6.788548512446739014e-02 -2.195674536908942542e-01
1.362588258842688804e-01 1.798510251194082865e-01 -7.921796404530140334e-02 1.104225076005900946e-01
9.667690107432009849e-01 5.724314534406997890e-01 4.983602410029338431e-02 -2.385565874112038909e-01
1.288483585820332511e-01 1.914508841597342692e-01 -7.679696878195214904e-02 1.214611549252171269e-01
9.704771115723704877e-01 5.479392282557228322e-01 3.274314151526421662e-02 -2.557468785438961612e-01
1.216964790926427092e-01 2.042252124114703471e-01 -7.417774359856632582e-02 1.340273231871293713e-01
9.725336733811832390e-01 5.219332147361314123e-01 1.725937658417220355e-02 -2.704872022890603134e-01
1.148252399017449937e-01 2.183360610641989219e-01 -7.126637805177545026e-02 1.482541752267455826e-01
9.731212197178822354e-01 4.946811279798745686e-01 4.002326544257546644e-03 -2.822009021324900502e-01
1.082655654702704834e-01 2.339577545989422469e-01 -6.798088871285319634e-02 1.642547470693395129e-01
9.724812280518249086e-01 4.665000118004348773e-01 -6.481492705971240824e-03 -2.904283380456007535e-01
1.020561063613944913e-01 2.512736427456157551e-01 -6.425160824681992733e-02 1.821043932824043809e-01
9.709071236749455824e-01 4.377426225490252398e-01 -1.374626417555147029e-02 -2.948637127323424090e-01
9.624209660124827259e-02 2.704704557338922788e-01 -6.002086156501237196e-02 2.018146068571054774e-01
9.687346713635565099e-01 4.087813445063052664e-01 -1.746702330574871273e-02 -2.953761661835437313e-01
9.087427588837122816e-02 2.917294438396997869e-01 -5.524208769071281555e-02 2.232988970448518407e-01
9.663304985853801155e-01 3.799914640357331397e-01 -1.744996167412730600e-02 -2.920082252562405944e-01
8.600794710508902208e-02 3.152134422120487778e-01 -4.987826018529317729e-02 2.463302130606415119e-01
9.640796032206648825e-01 3.517351532025201344e-01 -1.363269133460483749e-02 -2.849657114821259607e-01
8.170225120909987981e-02 3.410492335115244966e-01 -4.389938297426343450e-02 2.704933085966494954e-01
9.623726559890279919e-01 3.243475621957636612e-01 -6.076214163474683363e-03 -2.745919699599641550e-01
7.801972819453628638e-02 3.693051516821278524e-01 -3.727935093319571097e-02 2.951381212201731330e-01
9.615937582209835854e-01 2.981259278510365873e-01 5.048012460008114224e-03 -2.613331332770227333e-01
7.502621652207981662e-02 3.999650517345348932e-01 -2.999248479724122077e-02 3.193478584044793789e-01
9.621090806360007575e-01 2.733219475754817274e-01 1.947331945370035788e-02 -2.457033180073396883e-01
7.279114004686446093e-02 4.329014547040782590e-01 -2.200947027524343194e-02 3.419395758948636233e-01
9.642565124619034700e-01 2.501374307167371080e-01 3.685179295704818503e-02 -2.282491637766818349e-01
7.138817195091279322e-02 4.678527395241937059e-01 -1.329351010636211326e-02 3.615166068096410945e-01
9.683361934476981681e-01 2.287227434377571700e-01 5.676482226138248460e-02 -2.095219949711212559e-01
7.089622011364520027e-02 5.044110199881844947e-01 -3.797342358382212787e-03 3.765920054479843238e-01
9.746016654639290122e-01 2.091776675365281390e-01 7.872950202475932635e-02 -1.900494366307431404e-01
7.140064025200056064e-02 5.420275056700571970e-01 6.538834423572281729e-03 3.857765333437300215e-01
9.832514122309771176e-01 1.915540174972636678e-01 1.022020238878688508e-01 -1.703223833273564969e-01
7.299451071595433604e-02 5.800397862493651413e-01 1.778762956546053875e-02 3.880051502568500621e-01
9.944208215172360976e-01 1.758597313299786469e-01 1.265814744937319436e-01 -1.507759748581305459e-01
7.577975428233661714e-02 6.177202652468902766e-01 3.003226981627045780e-02 3.827431293313791616e-01
1.008175030591447197e+00 1.620637474320052174e-01 1.512178899309527813e-01 -1.317873623192985233e-01
7.986783950789923259e-02 6.543385115043085509e-01 4.336190844063392280e-02 3.701078820298140948e-01
1.024503664541483117e+00 1.501017657437668518e-01 1.754303789770761401e-01 -1.136639131918646822e-01
8.537972688348458017e-02 6.892252345691043391e-01 5.786342231750563059e-02 3.508593790374954779e-01
1.043318886089080078e+00 1.398822862926040744e-01 1.985377728215091120e-01 -9.664574708347546672e-02
9.244464424689831372e-02 7.218249183751005438e-01 7.360917522331496265e-02 3.262620362042232824e-01
1.064458284013943823e+00 1.312929206751443367e-01 2.199026169034714318e-01 -8.090338067014146706e-02
1.011971832965749274e-01 7.517280335515523770e-01 9.063981901725563783e-02 2.978646728076887462e-01
1.087693636218690640e+00 1.242066532076818997e-01 2.389820529790735171e-01 -6.654263580777031173e-02
1.117721829193586702e-01 7.786802325742109288e-01 1.089426540940713339e-01 2.672651649241371552e-01
1.112745603941115213e+00 1.184879381085867656e-01 2.553769696198027184e-01 -5.360754995233548564e-02
1.242968887772023523e-01 8.025720537715783642e-01 1.284251185743046086e-01 2.359214198340009450e-01
1.139303074338293476e+00 1.139982822752247243e-01 2.688672724922754331e-01 -4.208975448149095827e-02
1.388801762405584284e-01 8.234159377618374132e-01 1.488878572213544194e-01 2.050340342519182124e-01
1.167044675039062840e+00 1.106012263072191498e-01 2.794235626271217021e-01 -3.193545178303835996e-02
1.555991419609579762e-01 8.413178197039546946e-01 1.700020669260597084e-01 1.755032163856344030e-01
1.195659427543787734e+00 1.081664995914942834e-01 2.871922433038872069e-01 -2.305558569869655197e-02
1.744842185680811342e-01 8.564489127695509296e-01 1.912992292051514942e-01 1.479387890535495964e-01
1.224863748150721410e+00 1.065732728093352899e-01 2.924572979739100131e-01 -1.533569480664335495e-02
1.955050271074688373e-01 8.690210515609159136e-01 2.121841181119734354e-01 1.227018115162783057e-01
1.254413004570871903e+00 1.057125082399048566e-01 2.955900078466707215e-01 -8.644103197119612503e-03
2.185600474041144159e-01 8.792669607106414764e-01 2.319767615470656186e-01 9.995637800103152060e-02
1.284107052404979132e+00 1.054884519063489234e-01 2.969950532010397493e-01 -2.840665598580205398e-03
2.434734414442357997e-01 8.874254968609184280e-01 2.499845726406287605e-01 7.972112242744799904e-02
1.313790354500268043e+00 1.058194295996916501e-01 2.970654023592515514e-01 2.218172372632961405e-03
2.700014994476696573e-01 8.937312301250223134e-01 2.655941573077164053e-01 6.191361294772176199e-02
1.343347973118476313e+00 1.066381067424648638e-01 2.961488271904788583e-01 6.675054713828343367e-03
2.978490955647314919e-01 8.984074331338921526e-01 2.783616232903083909e-01 4.638475994330851920e-02
1.372698972376579452e+00 1.078914147925731093e-01 2.945288337802276502e-01 1.067011265222979864e-02
3.266938261799844923e-01 9.016617161005480163e-01 2.880765649469994583e-01 3.294680652778103624e-02
1.401788644876561740e+00 1.095402888538489355e-01 2.924173250126264612e-01 1.433972584193495513e-02
3.562132758482187134e-01 9.036835500249615905e-01 2.947810700398845185e-01 2.139225165181020752e-02
1.430580633718814276e+00 1.115594098722919869e-01 2.899559743060424188e-01 1.781792945479421242e-02
3.861100980601269717e-01 9.046431903864656787e-01 2.987402743532402427e-01 1.150858691273866884e-02
1.459049656939112483e+00 1.139370686772032404e-01 2.872229940276138649e-01 2.123848842165247316e-02
4.161306288045011348e-01 9.046915765095830952e-01 3.003769486979029901e-01 3.087917362781800179e-03
1.487175194872987438e+00 1.166752376139021802e-01 2.842421874330036680e-01 2.473734443791027540e-02
4.460749188924656994e-01 9.039609007322204626e-01 3.001906530939596474e-01 -4.066883720413305703e-03
1.514936257877920855e+00 1.197899404650367844e-01 2.809924017667386753e-01 2.845613138643028964e-02
4.757984127421930332e-01 9.025655601098347969e-01 2.986829590635731169e-01 -1.013958732832646523e-02
1.542307175278402775e+00 1.233119432388087577e-01 2.774159290457507976e-01 3.254523425177032608e-02
5.052071290634128076e-01 9.006033160958868411e-01 2.963017692852315532e-01 -1.529918613093113680e-02
1.569254306072787930e+00 1.272878019627697033e-01 2.734261411533230324e-01 3.716765372210883989e-02
5.342488435273717862e-01 8.981564652112333791e-01 2.934093707978452370e-01 -1.970136034289600782e-02
1.595733512291205747e+00 1.317812282813867752e-01 2.689130648355723685e-01 4.250119760527507756e-02
5.629026036229896057e-01 8.952929189388074693e-01 2.902707542500511662e-01 -2.348976514051729844e-02
1.621688335720118168e+00 1.368747647679572355e-01 2.637498657369803934e-01 4.874219190302101629e-02
5.911683473071439598e-01 8.920670870624201054e-01 2.870577564175608165e-01 -2.679932614655285497e-02
1.647048807234702039e+00 1.426716110073251997e-01 2.577977687110803440e-01 5.610481674499697563e-02
6.190576784637619179e-01 8.885205573091845555e-01 2.838610769796227618e-01 -2.975809274459913570e-02
1.671730994324016395e+00 1.492975148964238719e-01 2.509143321472821486e-01 6.482156853527636098e-02
6.465862890455866818e-01 8.846825207603370433e-01 2.807060297468910726e-01 -3.249081560972403443e-02
1.695637353721396900e+00 1.569024418217741801e-01 2.429614881366282120e-01 7.513877622646510102e-02
6.737681242366302392e-01 8.805699740100559891e-01 2.775684486098587977e-01 -3.512086264520486445e-02
1.718658064966565924e+00 1.656618119308523596e-01 2.338167461105045142e-01 8.731238171239923129e-02
7.006111042487748186e-01 8.761877103877612205e-01 2.743879372937389483e-01 -3.777250001090378534e-02
1.740673458857631806e+00 1.757767075909086318e-01 2.233855472151084209e-01 1.015934975844475369e-01
7.271141202374650225e-01 8.715280966365209769e-01 2.710781936698936079e-01 -4.057332333879763026e-02
1.761557535227783688e+00 1.874726460977239606e-01 2.116130787486088793e-01 1.182137319422071897e-01
7.532650056582216314e-01 8.665706934648433890e-01 2.675348055025210114e-01 -4.365577630759583799e-02
1.781182415558107968e+00 2.009960401535491881e-01 1.984940955132112050e-01 1.373605480909737830e-01
7.790391696907214003e-01 8.612817489405764082e-01 2.636396833205489898e-01 -4.715776123649188106e-02
1.799423389792144334e+00 2.166074341746055676e-01 1.840787366251539492e-01 1.591412348046772340e-01
8.043986435626830911e-01 8.556135755780178709e-01 2.592632880916989624e-01 -5.122439965486261931e-02
1.816163986540126452e+00 2.345703988340214208e-01 1.684715581126242923e-01 1.835411412287139277e-01
8.292914092172306573e-01 8.495039203688351526e-01 2.542669077741181449e-01 -5.600727848512065954e-02
1.831300437287989080e+00 2.551347964612056263e-01 1.518235843896616755e-01 2.103638953888468388e-01
8.536509095964668337e-01 8.428753746630230914e-01 2.485037031615030256e-01 -6.166359878036672265e-02
1.844744917009372154e+00 2.785134849153902969e-01 1.343177843266448457e-01 2.391665647714924514e-01
8.773957808639766265e-01 8.356350133276287950e-01 2.418215013025304394e-01 -6.835252422630426483e-02
1.856427105318274373e+00 3.048521310448060739e-01 1.161501738273136991e-01 2.691997777609644871e-01
9.004299487056887097e-01 8.276743178229251097e-01 2.340678444447593376e-01 -7.623250505503498253e-02
1.866293933138883476e+00 3.341932312667466598e-01 9.751057167735795173e-02 2.993491247590962523e-01
9.226432669076940485e-01 8.188696961266184182e-01 2.250973145263383268e-01 -8.545302482981798065e-02
1.874307637983357866e+00 3.664379912969712993e-01 7.856448190970977130e-02 3.281296966200127341e-01
9.439129769782816926e-01 8.090837697682459195e-01 2.147826142345302947e-01 -9.614595097851008632e-02
1.880442606240032122e+00 4.013132039072272450e-01 5.944159868371638039e-02 3.537564317787160184e-01
9.641062217864259098e-01 7.981677198649830274e-01 2.030278740891566791e-01 -1.084131794719389585e-01
1.884681629303936568e+00 4.383524466088328797e-01 4.023067001410196575e-02 3.742967137320326043e-01
9.830838384851976475e-01 7.859649729389487360e-01 1.897847860289625377e-01 -1.223124561113009268e-01
1.887012275938389161e+00 4.769027224109044782e-01 2.098152729682056794e-02 3.879480102962629129e-01
1.000705503982764366e+00 7.723164546523841878e-01 1.750683581447828041e-01 -1.378407093917399795e-01
1.887424048736771054e+00 5.161630738390519113e-01 1.714361469914068127e-03 3.933573298140387586e-01
1.016836187153984827e+00 7.570676499278494731e-01 1.589715120873154974e-01 -1.549146133698886540e-01
1.885906786757231668e+00 5.552536383220767480e-01 -1.756722145992058517e-02 3.899061363834647742e-01
1.031353714663782117e+00 7.400774550262635421e-01 1.416766496099841621e-01 -1.733544881694452366e-01
1.882450588005037506e+00 5.933031819898039183e-01 -3.686045608325416723e-02 3.778670672622182480e-01
1.044157058645990288e+00 7.212287407320985277e-01 1.234611211921772950e-01 -1.928678406357131614e-01
1.877047265602681758e+00 6.295356706712528227e-01 -5.614820081679498115e-02 3.583545683030301965e-01
1.055174930400174960e+00 7.004401723862945239e-01 1.046973776563930869e-01 -2.130392670618893314e-01
1.869693129198898962e+00 6.633363875074687055e-01 -7.538670992665585935e-02 3.330915395310940497e-01
1.064374166089526508e+00 6.776785261197673105e-01 8.584599086337389717e-02 -2.333303879819651760e-01
1.860392776300208162e+00 6.942860702103120785e-01 -9.449611336591796917e-02 3.040747906200384487e-01
1.071767393275425251e+00 6.529704406920890936e-01 6.744222300879749998e-02 -2.530887693366161151e-01
1.849163389338735808e+00 7.221623682490292406e-01 -1.133568191905946348e-01 2.732575723323841799e-01
1.077419513710940580e+00 6.264120946795608269e-01 5.007667469233978430e-02 -2.715760794279782897e-01
1.836038936533864963e+00 7.469164420931968529e-01 -1.318117372264837606e-01 2.423159706510987499e-01
1.081452500225362767e+00 5.981752774920211513e-01 3.437036334939339716e-02 -2.880068886527513139e-01
1.821073612152320331e+00 7.686360901917369537e-01 -1.496744426477773227e-01 2.125362165752061328e-01
1.084048055620859596e+00 5.685083378442403745e-01 2.094559973901677363e-02 -3.016071703227050649e-01
1.804343836096250264e+00 7.875054021644416480e-01 -1.667432190308182349e-01 1.847957669422195526e-01
1.085447692685888477e+00 5.377310291807159137e-01 1.039366845252224537e-02 -3.116752806155143052e-01
1.785948267003511170e+00 8.037679105279753600e-01 -1.828204620376213396e-01 1.596077668491550361e-01
1.085949886635363626e+00 5.062230277282631086e-01 3.242082794938094814e-03 -3.176471045339875343e-01
1.766005633821581045e+00 8.176966951685302742e-01 -1.977318287577078948e-01 1.372002411045384618e-01
1.085904070885450157e+00 4.744070135887458184e-01 -7.738835122496801229e-05 -3.191476586842517671e-01
1.744650502380784785e+00 8.295718163302570058e-01 -2.113444831075098895e-01 1.175868486943491414e-01
1.085701495121698112e+00 4.427279979363513140e-01 7.440486572493861840e-04 -3.160247778891759340e-01
1.722027526225877958e+00 8.396648873893037823e-01 -2.235798926888502847e-01 1.006426309270447295e-01
1.085763183569276480e+00 4.116315383371501047e-01 5.870983805358048237e-03 -3.083539850058524823e-01
1.698284978245995225e+00 8.482291243401102188e-01 -2.344183688574955904e-01 8.615471689653782239e-02
1.086525420458806401e+00 3.815431678557523743e-01 1.530940778446052142e-02 -2.964184188755658589e-01
1.673568421344389545e+00 8.554936843315464889e-01 -2.438969315329830856e-01 7.386454820360044415e-02
1.088423277375425879e+00 3.528509887013112079e-01 2.889858438688321790e-02 -2.806760224634853307e-01
1.648015252479368309e+00 8.616610289255088873e-01 -2.521006275598795532e-01 6.349599884191332866e-02
1.091872672187389037e+00 3.258927799674994352e-01 4.630747043286864706e-02 -2.617070398765418138e-01
1.621750624903478322e+00 8.669063645268215712e-01 -2.591495639308235011e-01 5.477406737781446294e-02
1.097251369752043626e+00 3.009477056336453682e-01 6.703396375022190046e-02 -2.401638644587700266e-01
1.594884921828145785e+00 8.713783587085575100e-01 -2.651855316414264419e-01 4.743550339562455781e-02
1.104879334368795485e+00 2.782321761347710809e-01 9.040679228855541538e-02 -2.167302804572760755e-01
1.567512725404740515e+00 8.752007032418360755e-01 -2.703585494553036317e-01 4.123639872506227461e-02
1.114999070529421710e+00 2.578990801293085111e-01 1.155927146963738467e-01 -1.920838719922379756e-01
1.539713049670473621e+00 8.784739971347742538e-01 -2.748158263593536432e-01 3.595291200632807355e-02
1.127757135094175078e+00 2.400396150470305578e-01 1.416147869109929402e-01 -1.668654287477015219e-01
1.511550544542189067e+00 8.812777714717811017e-01 -2.786930906178523570e-01 3.138210412830429868e-02
1.143188833871448207e+00 2.246867472911844854e-01 1.673891490717542008e-01 -1.416658123518099721e-01
1.483077432020192710e+00 8.836724125774431116e-01 -2.821069804032997896e-01 2.733991777993198188e-02
1.161208999489995453e+00 2.118201738446034987e-01 1.917890284803639711e-01 -1.170073173559216251e-01
1.454335974033134748e+00 8.857008529316405809e-01 -2.851495455209740459e-01 2.365759216189459654e-02
1.181612061997205254e+00 2.013724176351517070e-01 2.137351641888496356e-01 -9.333285908019739452e-02
1.425361419631105742e+00 8.873900016885898356e-01 -2.878820405660213466e-01 2.017963336477708938e-02
1.204083941023553095e+00 1.932360545429114007e-01 2.323041797362701555e-01 -7.099664439796000981e-02
1.396185446010649089e+00 8.887517943990155267e-01 -2.903280785261641572e-01 1.675856152692315956e-02
1.228226264421674152e+00 1.872718562631003336e-01 2.468343466647167916e-01 -5.025855907720792187e-02
1.366840160822590633e+00 8.897839242677404448e-01 -2.924664546736140402e-01 1.325269304019993655e-02
1.253590442637003255e+00 1.833176440015686082e-01 2.570006654896890841e-01 -3.128348986108919760e-02
1.337362763119131381e+00 8.904702282509155964e-01 -2.942228519107563112e-01 9.522268648356110518e-03
1.279716330187753215e+00 1.811974734013447053e-01 2.628366910633709863e-01 -1.414181636955983909e-02
1.307800878273245315e+00 8.907807830331528898e-01 -2.954618726971891540e-01 5.427360656960292587e-03
1.306168898152993751e+00 1.807304708042191399e-01 2.646966051426021260e-01 1.179201178832152593e-03
1.278218484473478078e+00 8.906717792413673118e-01 -2.959811842666304482e-01 8.258654535705143261e-04
1.332567089160002993e+00 1.817388351051028306e-01 2.631691869842134324e-01 1.476350172437597939e-02
1.248702141153986922e+00 8.900852785407574741e-01 -2.955091335000992192e-01 -4.426281699961473123e-03
1.358601474197345116e+00 1.840544945582388847e-01 2.589689033031620791e-01 2.674943551152682633e-02
1.219366958897729836e+00 8.889489683276177168e-01 -2.937107255127542893e-01 -1.047444620969062434e-02
1.384040303630635904e+00 1.875241703292106210e-01 2.528307474422564205e-01 3.731307364589672021e-02
1.190361498899389803e+00 8.871760709847088533e-01 -2.902021975503821238e-01 -1.746249656334186717e-02
1.408725947273309798e+00 1.920127295853743810e-01 2.454287315612387610e-01 4.665139067989524518e-02
1.161870521355778729e+00 8.846656194535034157e-01 -2.845794272292774818e-01 -2.552721241564729834e-02
1.432564872698886660e+00 1.974050760508174185e-01 2.373255522091869685e-01 5.497033764405764161e-02
1.134114455923224352e+00 8.813032327941254795e-01 -2.764573117213416364e-01 -3.479288322033591285e-02
1.455514338610782721e+00 2.036067058566021493e-01 2.289501260787733250e-01 6.247240169389896985e-02
1.107344578957121017e+00 8.769626656681441812e-01 -2.655206905790667427e-01 -4.536156722583414153e-02
1.477568400516732217e+00 2.105433952296517641e-01 2.205985826728614485e-01 6.935225047600505899e-02
1.081833474811400020e+00 8.715082395725205489e-01 -2.515763689476628318e-01 -5.730396809150439807e-02
1.498744894425244834e+00 2.181600726703775972e-01 2.124475968421265237e-01 7.578814577418231668e-02
1.057861108717440990e+00 8.647982520510040239e-01 -2.345992949232914848e-01 -7.064997820105389792e-02
1.519074306520817208e+00 2.264194087890556706e-01 2.045746390402317927e-01 8.194292835476495174e-02
1.035697793340579986e+00 8.566894157495931195e-01 -2.147619082374282173e-01 -8.537861335283780662e-02
1.538590841870671522e+00 2.353000613745279135e-01 1.969799698295822965e-01 8.796035891207402979e-02
1.015586143106790962e+00 8.470422356522575580e-01 -1.924376045343382524e-01 -1.014105199618105663e-01
1.557325650276816242e+00 2.447949234099384974e-01 1.896069349108705226e-01 9.396877674825813986e-02
9.977243386359344601e-01 8.357270900452586915e-01 -1.681786626021170017e-01 -1.186046218413598224e-01
1.575301971589110783e+00 2.549091509119600918e-01 1.823597729118849597e-01 1.000763213109453070e-01
9.822527628111494824e-01 8.226309739267705368e-01 -1.426725190356812611e-01 -1.367518785063322750e-01
1.592531916714855278e+00 2.656581949873061399e-01 1.751185971949712761e-01 1.063722905511136768e-01
9.692452357319341072e-01 8.076644493522282531e-01 -1.166866018785979869e-01 -1.555783847567021594e-01
1.609014574409214360e+00 2.770656822133206187e-01 1.677508565956405684e-01 1.129257086902868412e-01
9.587050562374703766e-01 7.907686933895452519e-01 -9.101337793947690546e-02 -1.747464687118505111e-01
1.624735171406244127e+00 2.891612639919390881e-01 1.601207194415939783e-01 1.197885201066617444e-01
9.505652126606374264e-01 7.719222605463343934e-01 -6.642445186365771026e-02 -1.938598755951009833e-01
1.639665064033325459e+00 3.019778557260012763e-01 1.520964715978623261e-01 1.269814176469800382e-01
9.446916954537778466e-01 7.511473455150047274e-01 -4.363654819139010238e-02 -2.124723166036651678e-01
1.653762359454614694e+00 3.155486712166321039e-01 1.435555759011589994e-01 1.344995420917335094e-01
9.408887872120583751e-01 7.285151524704838177e-01 -2.329033494796045600e-02 -2.300966890145134947e-01
1.666973018537365681e+00 3.299034975322163166e-01 1.343882529009077231e-01 1.422982362891030694e-01
9.389055537039652233e-01 7.041499717307145856e-01 -5.936939859723979959e-03 -2.462187485326403913e-01
1.679232370369029503e+00 3.450643981961580842e-01 1.245019311998015327e-01 1.502917479148657698e-01
9.384431510372570617e-01 6.782314035037858568e-01 7.971416349199464749e-03 -2.603162089011955560e-01
1.690466902989718800e+00 3.610404109428492214e-01 1.138228070060587349e-01 1.583380873591370419e-01
9.391629603436082441e-01 6.509942361290774748e-01 1.809021667461991473e-02 -2.718831404626790849e-01
1.700596345866909775e+00 3.778216215710589743e-01 1.022986216061190917e-01 1.662371649664244055e-01
9.406957781964544463e-01 6.227253908550904882e-01 2.419250790004536661e-02 -2.804542091185945329e-01
1.709535996702822080e+00 3.953726188553886023e-01 8.990085417770465881e-02 1.737213452234394884e-01
9.426523115721032742e-01 5.937575387804989724e-01 2.617899159546484625e-02 -2.856409409233521823e-01
1.717199357481183242e+00 4.136257928174005838e-01 7.662839722477610138e-02 1.804573936785754673e-01
9.446350761349253666e-01 5.644592522718390182e-01 2.408644966753655317e-02 -2.871580379500600633e-01
1.723501045428051937e+00 4.324752461955332361e-01 6.250932243813862865e-02 1.860539295452564301e-01
9.462515258765050730e-01 5.352217209109523255e-01 1.809163471174861024e-02 -2.848591356685581388e-01
1.728360078774683561e+00 4.517721378565024981e-01 4.760490746278748381e-02 1.900787413855464791e-01
9.471279345232017643e-01 5.064429431733926679e-01 8.508452333892227784e-03 -2.787526166003750916e-01
1.731703565349843821e+00 4.713225480541909373e-01 3.201377786708296119e-02 1.920853035126494357e-01
9.469232919833665552e-01 4.785102789218209085e-01 -4.222872050883379018e-03 -2.690166502790358738e-01
1.733470806466368419e+00 4.908889108875617024e-01 1.587490478655029236e-02 1.916529470055716722e-01
9.453422936442342772e-01 4.517830050038612599e-01 -1.955513912026603587e-02 -2.559922955153633439e-01
1.733617823150380488e+00 5.101957778853490888e-01 -6.284872737979027004e-04 1.884301902843610321e-01
9.421464582658117815e-01 4.265764798783917011e-01 -3.686067093106962927e-02 -2.401630389929169385e-01
1.732122193922738695e+00 5.289400245021813607e-01 -1.726639008853281254e-02 1.821811224632837456e-01
9.371624914988582189e-01 4.031494329293653922e-01 -5.546289705513999385e-02 -2.221197834007445360e-01
1.728987947181024110e+00 5.468050103947150742e-01 -3.376350053476325636e-02 1.728197468002049819e-01
9.302871320979857472e-01 3.816954110132176337e-01 -7.467208693971254252e-02 -2.025185284540431674e-01
1.724250137505019431e+00 5.634774561530133674e-01 -4.980371248510436638e-02 1.604355429086582741e-01
9.214879921678195140e-01 3.623390510478934345e-01 -9.382189055292163016e-02 -1.820312008858163966e-01
1.717978521910166867e+00 5.786652376642139606e-01 -6.504028156097592384e-02 1.452970939813669204e-01
9.108001786763578744e-01 3.451370239977549770e-01 -1.123047190428512893e-01 -1.613024854194936852e-01
1.710279632089019231e+00 5.921140107801432517e-01 -7.911301851358058801e-02 1.278324384771748756e-01
8.983188567056075158e-01 3.300831207308089765e-01 -1.296041368415804806e-01 -1.409107129336321373e-01
1.701296447622644870e+00 6.036210112564599495e-01 -9.167412157867760314e-02 1.085973987795714885e-01
8.841883788503765995e-01 3.171164152264032698e-01 -1.453182911018147117e-01 -1.213442448744217472e-01
1.691205196321860171e+00 6.130446952011053829e-01 -1.024144061940549938e-01 8.822778420116324238e-02
8.685889631200464089e-01 3.061314525073219328e-01 -1.591759081232916595e-01 -1.029850887924547570e-01
1.680209002482057956e+00 6.203098990555427905e-01 -1.110938010982313456e-01 6.739501402323415380e-02
8.517222639291379682e-01 2.969892605462763346e-01 -1.710382392360506321e-01 -8.610682291724607029e-02
1.668528745631910226e+00 6.254085088326277742e-01 -1.175659368861843995e-01 4.675927725803866869e-02
8.337972849535335573e-01 2.895282230057660278e-01 -1.808908068843632366e-01 -7.087993519894197902e-02
1.656392091856648818e+00 6.283964611829265801e-01 -1.217913677594347349e-01 2.693641555408706270e-02
8.150179798882537519e-01 2.835740362496252387e-01 -1.888229633368691263e-01 -5.738348882872168488e-02
1.644021975262807800e+00 6.293879194683048572e-01 -1.238400724606902870e-01 8.471526401672887716e-03
7.955735100831926587e-01 2.789482251039780980e-01 -1.950012906958472347e-01 -4.562246377672515146e-02
1.631626024992333779e+00 6.285475980767252224e-01 -1.238785337642767104e-01 -8.175670733005327775e-03
7.756316197981524274e-01 2.754750282867913791e-01 -1.996415048948393112e-01 -3.554264077036221187e-02
1.619388145889820274e+00 6.260820757332625774e-01 -1.221472987408822597e-01 -2.263595361614208559e-02
7.553351490451156725e-01 2.729865765013031464e-01 -2.029806922103823685e-01 -2.704825633378001373e-02
1.607462912460430493e+00 6.222306365162905140e-01 -1.189338766129551389e-01 -3.463404724355726577e-02
7.348012628523405976e-01 2.713265190111048275e-01 -2.052547034096333933e-01 -2.001512092175694590e-02
1.595972893012098215e+00 6.172560580902517469e-01 -1.145461207760489764e-01 -4.398578167900494412e-02
7.141227734734852950e-01 2.703523482621751350e-01 -2.066817847516203843e-01 -1.430236887719112462e-02
1.585008484524077277e+00 6.114355758114040640e-01 -1.092899065066599285e-01 -5.059574455928972370e-02
6.933708165615889429e-01 2.699367219598189926e-01 -2.074533035125355196e-01 -9.759308201851002451e-03
1.574629505358610349e+00 6.050521424231010137e-01 -1.034557552496521565e-01 -5.445215985287280708e-02
6.725982569098081232e-01 2.699680149974246213e-01 -2.077284406061992994e-01 -6.233135861621885709e-03
1.564867782230109361e+00 5.983860406369080343e-01 -9.731104432669779314e-02 -5.562427196394622436e-02
6.518432735657976318e-01 2.703504751950802643e-01 -2.076351081278793309e-01 -3.568970718496414576e-03
1.555730081770100526e+00 5.917070020209247438e-01 -9.109790987995210199e-02 -5.425567238074672366e-02
6.311327871325149719e-01 2.710041128412299938e-01 -2.072719053243984033e-01 -1.613246015941260936e-03
1.547200948526966213e+00 5.852670102626550408e-01 -8.503470134979540518e-02 -5.055695248788275725e-02
6.104855046918505890e-01 2.718645702763944905e-01 -2.067122372578777956e-01 -2.115049848224383883e-04
1.539245266770186138e+00 5.792938852998980037e-01 -7.931803870653286737e-02 -4.479806076559030015e-02
5.899145145026954973e-01 2.728830834954134588e-01 -2.060080181512380371e-01 7.923163537297082254e-04
1.531810608846280175e+00 5.739859962354525447e-01 -7.412312967349417303e-02 -3.729475152776846880e-02
5.694294414626300815e-01 2.740266374443439124e-01 -2.051938674090444115e-01 1.558676983777948152e-03
1.524829476658379868e+00 5.695082057250796526e-01 -6.960405801494558287e-02 -2.839562835560416332e-02
5.490382593730767091e-01 2.752783189116716489e-01 -2.042887796057287486e-01 2.253657579998069593e-03
1.518221713298579800e+00 5.659891959648704063e-01 -6.588967674016805998e-02 -1.846864719258952195e-02
5.287488874534245209e-01 2.766378964197702128e-01 -2.032976353811647707e-01 3.051461900290449933e-03
1.511897184304139330e+00 5.635203107264915579e-01 -6.308004963512248153e-02 -7.884247565000574581e-03
5.085707085957061890e-01 2.781225873051660358e-01 -2.022097339571260477e-01 4.135514079332361717e-03
1.505758804199982315e+00 5.621558833014550505e-01 -6.124329876335451311e-02 2.999345161125432924e-03
4.885161150609816927e-01 2.797679004683666371e-01 -2.009987482426423000e-01 5.698484695689417720e-03
1.499705860560383464e+00 5.619149145289729086e-01 -6.041216391490985410e-02 1.384823273877418617e-02
4.686022145800501360e-01 2.816284703327462391e-01 -1.996190473682601940e-01 7.941078456844921987e-03
1.493637442920116021e+00 5.627839832928591690e-01 -6.058443562106941016e-02 2.436441641726997884e-02
4.488527483376819061e-01 2.837787417396263612e-01 -1.980032197137123473e-01 1.106964123837039793e-02
1.487455755458548134e+00 5.647210933443900238e-01 -6.172476491039802227e-02 3.429371547847281931e-02
4.293002160816195012e-01 2.863133313516599832e-01 -1.960598386719728803e-01 1.529167452847997842e-02
1.481069027807176752e+00 5.676601270004197897e-01 -6.377026242944856815e-02 4.342846528920807359e-02
4.099881592105902861e-01 2.893468708474755680e-01 -1.936714330251036176e-01 2.080991323473909554e-02
1.474393807861342109e+00 5.715156468109517940e-01 -6.663717404727560745e-02 5.161029389734913403e-02
3.909734386923224836e-01 2.930130869690215079e-01 -1.906955833426889624e-01 2.781258993482064318e-02
1.467356461759825148e+00 5.761875837375136644e-01 -7.022989786248379218e-02 5.872556316233179530e-02
3.723282918609860381e-01 2.974629295539389928e-01 -1.869675947859435750e-01 3.646395244314796363e-02
1.459893861943543092e+00 5.815655829767428786e-01 -7.444854996143297765e-02 6.470021489402011383e-02
3.541418683480657692e-01 3.028613972711224900e-01 -1.823072703447762566e-01 4.688937307872897975e-02
1.451953279988033696e+00 5.875327385809855363e-01 -7.919723285509938648e-02 6.949216869768977400e-02
3.365208706628899371e-01 3.093828170837956137e-01 -1.765297845309395652e-01 5.915916735423539657e-02
1.443491682726914638e+00 5.939684735291886897e-01 -8.438808897041442936e-02 7.308109909361555634e-02
3.195890000551650512e-01 3.172043030485968695e-01 -1.694591629380903797e-01 7.327081918047835540e-02
1.434474610905523306e+00 6.007505358152646080e-01 -8.994528985737752780e-02 7.545958259867295570e-02
3.034849276960226439e-01 3.264971698916466214e-01 -1.609447873585079236e-01 8.912810944607570118e-02
1.424874975258942467e+00 6.077560403246292653e-01 -9.580324302390270941e-02 7.662407683582210527e-02
2.883587329754662698e-01 3.374162163787644553e-01 -1.508776679148837729e-01 1.065210064275327467e-01
1.414671964459453424e+00 6.148615664093909361e-01 -1.019056697753225188e-01 7.656459524487309320e-02
2.743669073447170814e-01 3.500870966512090177e-01 -1.392054278792631550e-01 1.251097051999106036e-01
1.403850473286798684e+00 6.219424695208164433e-01 -1.081969776620117507e-01 7.525843059389784873e-02
2.616663866256939142e-01 3.645922631328040731e-01 -1.259408048288427617e-01 1.444130434818946540e-01
1.392401233448652631e+00 6.288715318614980232e-01 -1.146153929913277664e-01 7.266489606324218198e-02
2.504081512829855471e-01 3.809565994030635894e-01 -1.111644758374404490e-01 1.638099672944074714e-01
1.380321899407767061e+00 6.355170841089421430e-01 -1.210817979930648852e-01 6.872061874644656843e-02
2.407310930118434222e-01 3.991343109600007932e-01 -9.502034127584213508e-02 1.825587684634033536e-01
1.367619282955319093e+00 6.417409831125262532e-01 -1.274877220944214962e-01 6.334248797007502318e-02
2.327567643316483803e-01 4.189992233291592871e-01 -7.770396151055940226e-02 1.998356781579557762e-01
1.354312782847810537e+00 6.473963796211464894e-01 -1.336832835032349676e-01 5.642375747414810766e-02
2.265854173333463339e-01 4.403408600848988108e-01 -5.944761280231766060e-02 2.147982010961927701e-01
1.340438957986459956e+00 6.523259124112139595e-01 -1.394664142645440918e-01 4.784382969432362381e-02
2.222934692779401367e-01 4.628683987886345608e-01 -4.050486147646100571e-02 2.266654778338798304e-01
1.326057012914445554e+00 6.563603920278057169e-01 -1.445758269792244699e-01 3.747459409684609360e-02
2.199323070074335751e-01 4.862236890740000983e-01 -2.113607865579976777e-02 2.348091842583703015e-01
1.311254685998859415e+00 6.593183709219221367e-01 -1.486899570829480766e-01 2.519071673710386247e-02
2.195281847048556612e-01 5.100028489160070011e-01 -1.596737228548583687e-03 2.388327738656973731e-01
1.296153770572701536e+00 6.610070615748594447e-01 -1.514353137379206016e-01 1.088807233725249193e-02
2.210828449836672871e-01 5.337842276102570116e-01 1.786862457534936152e-02 2.386276314163734147e-01
1.280914195524391452e+00 6.612248003352146908e-01 -1.524065008455070258e-01 -5.500519445015654256e-03
2.245746668017011838e-01 5.571587588783879497e-01 3.703199282177142143e-02 2.343856726066961826e-01
1.265735355673797358e+00 6.597654066933432704e-01 -1.512011712107944883e-01 -2.398491700620711958e-02
2.299601738981136012e-01 5.797582635048122990e-01 5.568419980903997063e-02 2.265704023331668038e-01
1.250853427787199657e+00 6.564245958716674600e-01 -1.474660929849195556e-01 -4.449677722349424519e-02
2.371759134478501063e-01 6.012775125609975957e-01 7.363883835579769499e-02 2.158453436077826526e-01
1.236533672259497951e+00 6.510084103384387033e-01 -1.409515332321623904e-01 -6.687095622145051987e-02
2.461407198972344335e-01 6.214876591429591146e-01 9.073426511518878357e-02 2.029863068880866095e-01
1.223057394915680440e+00 6.433433274260680346e-01 -1.315664516267819051e-01 -9.083319750755973476e-02
2.567584565041231559e-01 6.402403471830461212e-01 1.068377457174215089e-01 1.887891988456661674e-01
1.210704276074234809e+00 6.332875320125256335e-01 -1.194197782305080474e-01 -1.159939846118174245e-01
2.689212303218560529e-01 6.574636907561526300e-01 1.218492376234281416e-01 1.739926242643371201e-01
1.199731796107543103e+00 6.207425165008245704e-01 -1.048410075652854018e-01 -1.418503008110416630e-01
2.825129966637259238e-01 6.731523477164557123e-01 1.357038480591839791e-01 1.592258591827840630e-01
1.190354295310655175e+00 6.056639602907656350e-01 -8.837027947600217814e-02 -1.678021857113668747e-01
2.974133839848831506e-01 6.873542257988525250e-01 1.483730702582971295e-01 1.449807624370746950e-01
1.182724567969359430e+00 5.880708827769729474e-01 -7.071831540269209182e-02 -1.931744023584795189e-01
3.135014642408399110e-01 7.001561490648831043e-01 1.598631721143791429e-01 1.316072313674772898e-01
1.176920451932900846e+00 5.680521074714180996e-01 -5.270202433719598650e-02 -2.172477795853167137e-01
3.306592632257288611e-01 7.116701327569414648e-01 1.702127600047842471e-01 1.193225202394954110e-01
1.172937995592736371e+00 5.457691074740383952e-01 -3.516913838162253475e-02 -2.392996228996654151e-01
3.487747066982274102e-01 7.220214158748697875e-01 1.794867662529194552e-01 1.082307125310766338e-01
1.170691728658963982e+00 5.214547794756265731e-01 -1.892160620894922651e-02 -2.586407083735957069e-01
3.677439192605268525e-01 7.313387498602362813e-01 1.877704246972903557e-01 9.834790971885443156e-02
1.170021492026797505e+00 4.954075974045680231e-01 -4.650892527583809326e-03 -2.746645255159718690e-01
3.874727964125087576e-01 7.397469043765656505e-01 1.951632481363615168e-01 8.962110431785334785e-02
1.170704544937471336e+00 4.679816016884798535e-01 7.108816587469979353e-03 -2.868802235859539418e-01
4.078778643242995106e-01 7.473614135885584542e-01 2.017721872059804189e-01 8.195284843109940098e-02
1.172471255657464795e+00 4.395720647287172933e-01 1.600614390450301808e-02 -2.949544291262299889e-01
4.288865651513284472e-01 7.542850354721852835e-01 2.077070041771785502e-01 7.521416478528664129e-02
1.175022587114474604e+00 4.105982778491345520e-01 2.187738383507831230e-02 -2.987310743808591074e-01
4.504370630420522770e-01 7.606057003645897430e-01 2.130760380381994390e-01 6.926069194788479766e-02
1.178047684569791809e+00 3.814843457833839713e-01 2.473388310483826125e-02 -2.982472412007414198e-01
4.724776953858231265e-01 7.663954431027791836e-01 2.179826110911461112e-01 6.393834645300004726e-02
1.181240130532672072e+00 3.526397406577959637e-01 2.473636941287271629e-02 -2.937303844030107469e-01
4.949661719902860857e-01 7.717100828353047337e-01 2.225226425969784039e-01 5.909132191894705954e-02
1.184311798981043662e+00 3.244413941270958279e-01 2.216141513760686715e-02 -2.855749928690430317e-01
5.178685026675777792e-01 7.765892690142905952e-01 2.267810276582182816e-01 5.456318860850665337e-02
1.187003645721837142e+00 2.972188799517826441e-01 1.736529819564245486e-02 -2.743103712027465946e-01
5.411576692580268855e-01 7.810567200653111275e-01 2.308278821729070618e-01 5.019884616897877377e-02
1.189093203860132286e+00 2.712439494163653153e-01 1.074946042277138102e-02 -2.605518400789740285e-01
5.648119241839073545e-01 7.851204435726898412e-01 2.347138739200449464e-01 4.584296107422910355e-02
1.190398941589476456e+00 2.467247704755364257e-01 2.731370800397361562e-03 -2.449562733470497244e-01
5.888125795938949913e-01 7.887728337340385032e-01 2.384632279949413236e-01 4.133903058293567773e-02
1.190781907326123878e+00 2.238051255933584671e-01 -6.278100840519280912e-03 -2.281702960311949857e-01
6.131411355261842111e-01 7.919905531444029201e-01 2.420659743369394656e-01 3.652664071438863763e-02
1.190145261352352435e+00 2.025675414284078824e-01 -1.588989868644367226e-02 -2.107944387928425978e-01
6.377755932723067067e-01 7.947342056434040236e-01 2.454681623774897792e-01 3.124008962629432062e-02
1.188432322101242500e+00 1.830396262642407235e-01 -2.574564314936194503e-02 -1.933566809987803670e-01
6.626858371266446390e-01 7.969477953666439518e-01 2.485617506715886993e-01 2.530660593233480249e-02
1.185623703896110381e+00 1.652024793172764405e-01 -3.552130123489945918e-02 -1.762906139237199743e-01
6.878281056426480689e-01 7.985580811635650811e-01 2.511752757184311791e-01 1.854621615426007078e-02
1.181734005685714850e+00 1.489999405576168390e-01 -4.492729564489877231e-02 -1.599348214173339222e-01
7.131386979532821080e-01 7.994739615668831068e-01 2.530670457865739631e-01 1.077413334937826761e-02
1.176808384370704896e+00 1.343479511013271621e-01 -5.370637298643746171e-02 -1.445330196996573446e-01
7.385273399577364506e-01 7.995860215466392695e-01 2.539239347075043507e-01 1.802905371291648297e-03
1.170919224051584218e+00 1.211433332126583967e-01 -6.163046360405100010e-02 -1.302418566172941494e-01
7.638708941178240508e-01 7.987665535661293559e-01 2.533687519535680610e-01 -8.549865264847097621e-03
1.164163031261745251e+00 1.092715121836536768e-01 -6.849704247957148773e-02 -1.171446317929416142e-01
7.890084475194751867e-01 7.968702816422696955e-01 2.509799834453374512e-01 -2.045291373070634577e-02
1.156657624464651590e+00 9.861301811810835316e-02 -7.412563484809203684e-02 -1.052636055407068089e-01
8.137390207693191435e-01 7.937361377743120672e-01 2.463250853024697429e-01 -3.404859829382137631e-02
1.148539666221395805e+00 8.904870372265269451e-02 -7.835435563626851063e-02 -9.457377106736793160e-02
8.378232447482119039e-01 7.891904118876621466e-01 2.390082331412783090e-01 -4.943703206528038407e-02
1.139962572574217736e+00 8.046368950291095390e-02 -8.103661283025490047e-02 -8.501565357399663847e-02
8.609900619475101546e-01 7.830514875171660227e-01 2.287278469091658106e-01 -6.666021484686794618e-02
1.131094823986924292e+00 7.275018925823679983e-02 -8.203803989363540883e-02 -7.650635506801367614e-02
8.829488925642570152e-01 7.751363606784903437e-01 2.153354857099831765e-01 -8.568416869890922716e-02
1.122118696048658437e+00 6.580936418860600101e-02 -8.123353297812228868e-02 -6.894866647110323155e-02
9.034067375021420654e-01 7.652689496780226142e-01 1.988857059806448113e-01 -1.063819806528439466e-01
1.113229401227348037e+00 5.955235454940543266e-02 -7.850470380001949022e-02 -6.223879613654707127e-02
9.220886251222173424e-01 7.532898993396884846e-01 1.796645181945573932e-01 -1.285230433444491671e-01
1.104634599799023009e+00 5.390068800433828189e-02 -7.373794475914786928e-02 -5.627195086910114635e-02
9.387589781495792041e-01 7.390675237965894651e-01 1.581888681873958868e-01 -1.517661528590656117e-01
1.096554197454829849e+00 4.878617206570914910e-02 -6.682333722445264745e-02 -5.094675207097457137e-02
9.532412156893271815e-01 7.225092603597015328e-01 1.351765754239083461e-01 -1.756594195795324609e-01
1.089220293534264972e+00 4.415045258304399478e-02 -5.765492398432381371e-02 -4.616814560088761815e-02
9.654333097856145907e-01 7.035729338127251209e-01 1.114924855540507381e-01 -1.996466780530374019e-01
1.082877084442473770e+00 3.994429951707204052e-02 -4.613272829218952042e-02 -4.184958479909982321e-02
9.753178568190106201e-01 6.822768795790306040e-01 8.808151938261936376e-02 -2.230859386699590718e-01
1.077780453713128583e+00 3.612673513622110394e-02 -3.216728125149334594e-02 -3.791415520578399201e-02
9.829662684881470547e-01 6.587081775977688958e-01 6.590012788474745864e-02 -2.452711790924821944e-01
1.074196891416885791e+00 3.266406460681757495e-02 -1.568733424888932304e-02 -3.429520324597026826e-02
9.885374976941259106e-01 6.330280265837618936e-01 4.585511809036361269e-02 -2.654617371582179697e-01
1.072401272719245124e+00 2.952885951407363194e-02 3.348118540922179198e-03 -3.093660694285903581e-02
9.922721374265174310e-01 6.054732649941600986e-01 2.875368858637483704e-02 -2.829256837046332795e-01
1.072672890559630554e+00 2.669892493348290444e-02 2.493232842411778616e-02 -2.779262196950411934e-02
9.944827914862539586e-01 5.763534552824701729e-01 1.526539050202002645e-02 -2.969813439884551598e-01
1.075289004584525587e+00 2.415629132882869332e-02 4.898675777142792037e-02 -2.482736621344409922e-02
9.955415026850991111e-01 5.460429498398063908e-01 5.895155156277845712e-03 -3.070451845410317460e-01
1.080515080223183100e+00 2.188622798837460900e-02 7.533005219354278748e-02 -2.201463098907742791e-02
9.958648941268857246e-01 5.149678662578219823e-01 9.665775172439106111e-04 -3.126810935816469184e-01
1.083953760114008347e+00 2.085660040176511021e-02 8.172596843443025172e-02 -1.985859600763320576e-02
9.958872198274775212e-01 4.992900894189221117e-01 -9.052662265640609718e-06 -3.141322609735057725e-01
