4.045802147568876017e-01 4.048824946593852503e-01 9.086669071576662648e-02 1.028614361904082591e-01
1.000188038940000856e+00 3.850742994921127482e-01 7.683207226638796329e-03 -2.979811012990374319e-01
4.129985421540995905e-01 4.145722167191215335e-01 8.182282655126253690e-02 1.063537135650993726e-01
1.001090790857378510e+00 3.561860031624861644e-01 1.853972335172602431e-02 -2.855208922493702173e-01
4.204684120989201634e-01 4.247111733989631932e-01 7.234333874543234788e-02 1.104658294998987350e-01
1.003178470414615608e+00 3.286856171173955787e-01 3.203500853274596910e-02 -2.702761566543883665e-01
4.269433863745935587e-01 4.353557368232398028e-01 6.243179246495644819e-02 1.149903857411427310e-01
1.006649390096449936e+00 3.027834624487579229e-01 4.701853776404215507e-02 -2.533642456161351864e-01
4.323795304494704173e-01 4.465400852788881658e-01 5.212068869322091652e-02 1.197295349762243361e-01
1.011591519003245176e+00 2.785847363798796827e-01 6.238523878506393311e-02 -2.358302751392001573e-01
4.367385036646045382e-01 4.582772337996349199e-01 4.146936924640890615e-02 1.244994651955488862e-01
1.017994942851197404e+00 2.561048626577699383e-01 7.719500773849252706e-02 -2.185213063415902823e-01
4.399903385685009494e-01 4.705603802906551114e-01 3.056054489562291462e-02 1.291319448477416254e-01
1.025771377677600071e+00 2.352920714821764847e-01 9.072436039289182019e-02 -2.020354300524829227e-01
4.421156526014821120e-01 4.833646871954581092e-01 1.949346069054132616e-02 1.334773253961844264e-01
1.034775018173538674e+00 2.160508690785794272e-01 1.024635130017955281e-01 -1.867292641390590757e-01
4.431070704974094387e-01 4.966495576870443296e-01 8.376942845407983271e-03 1.374088796241938193e-01
1.044821161354668071e+00 1.982626796639177236e-01 1.120839930590644684e-01 -1.727568408026643743e-01
4.429696969402616702e-01 5.103614282202056929e-01 -2.680230572205122286e-03 1.408269314079335643e-01
1.055701073344551544e+00 1.818018089485215483e-01 1.193958001447873868e-01 -1.601236918208811255e-01
4.417205865894018313e-01 5.244369189591875369e-01 -1.357747552582777573e-02 1.436595231431766206e-01
1.067193021965779032e+00 1.665468026008741220e-01 1.243078146291829861e-01 -1.487317010581227505e-01
4.393872716304468851e-01 5.388063655045093325e-01 -2.423059363571011815e-02 1.458671022279885710e-01
1.079070124528298757e+00 1.523875535847553642e-01 1.267972607217384418e-01 -1.384242991926456223e-01
4.360055418577310493e-01 5.533973519447670242e-01 -3.457663160649770973e-02 1.474387750291517030e-01
1.091105902505003833e+00 1.392291393243471898e-01 1.268891835163460380e-01 -1.290165942621768203e-01
4.316167295854458907e-01 5.681381362831267046e-01 -4.457749637939064508e-02 1.483926224931283178e-01
1.103078388872197557e+00 1.269930331286694136e-01 1.246451448641087562e-01 -1.203219158861743993e-01
4.262648510954145098e-01 5.829607063910204889e-01 -5.421942919174119885e-02 1.487709123578392079e-01
1.114773436034252940e+00 1.156164493497378043e-01 1.201580159919390933e-01 -1.121687187817406034e-01
4.199939330121126302e-01 5.978032311932925946e-01 -6.350996541633809056e-02 1.486347749162416354e-01
1.125987642144986589e+00 1.050503148665299091e-01 1.135506398266400430e-01 -1.044142611634699125e-01
4.128457957857681326e-01 6.126118507177895633e-01 -7.247344980393366498e-02 1.480579396029302330e-01
1.136531084109533296e+00 9.525641114183487634e-02 1.049755495802565108e-01 -9.695052279624453984e-02
4.048585811289702185e-01 6.273417356431220115e-01 -8.114183577360527255e-02 1.471216444134023360e-01
1.146229868335355118e+00 8.620405773153719253e-02 9.461403000128598695e-02 -8.970972111317875031e-02
3.960660231322976621e-01 6.419574870019099100e-01 -8.954994265101638706e-02 1.459081460329173796e-01
1.154928390120769865e+00 7.786683667512381279e-02 8.267327083729195114e-02 -8.266044710780046101e-02
3.864975804889321243e-01 6.564329612393264846e-01 -9.772614279965341488e-02 1.444973440969943290e-01
1.162491137003935471e+00 7.021966328773739108e-02 6.938116542022874922e-02 -7.580335368405587138e-02
3.761792893071255750e-01 6.707506685759843101e-01 -1.056870885356164802e-01 1.429632456341478619e-01
1.168803898169191724e+00 6.323646030743522439e-02 5.497937294419880799e-02 -6.916368115308819953e-02
3.651352460635727826e-01 6.849008659251351050e-01 -1.134324086847493529e-01 1.413718118796943590e-01
1.173774294272916130e+00 5.688860474793545202e-02 3.971528147662650027e-02 -6.278146770503634233e-02
3.533895272116626129e-01 6.988804918822344447e-01 -1.209416806066214017e-01 1.397805831360177109e-01
1.177331633460321658e+00 5.114417584225174757e-02 2.383409981023566077e-02 -5.670262401602192692e-02
3.409683659703774961e-01 7.126919744091071429e-01 -1.281731859432977405e-01 1.382370290170057692e-01
1.179426173342302597e+00 4.596786727397162570e-02 7.571861230933120759e-03 -5.097202752021393751e-02
3.279024285697185181e-01 7.263419975616950408e-01 -1.350635877630142756e-01 1.367782011274983611e-01
1.180027933330129786e+00 4.132148347802826194e-02 -8.849869859093474969e-03 -4.562673416715025410e-02
3.142290078254828534e-01 7.398402147156375452e-01 -1.415299020155839360e-01 1.354303948766325816e-01
1.179125224708679864e+00 3.716478925302754005e-02 -2.522738965933502692e-02 -4.069269864014625482e-02
2.999940299667807064e-01 7.531978670420073074e-01 -1.474715641882710371e-01 1.342068516191804173e-01
1.176723064190308143e+00 3.345650714577932255e-02 -4.137639535111622968e-02 -3.618367686826742119e-02
2.852537505500752912e-01 7.664262636549528107e-01 -1.527738495421075149e-01 1.331058381061807905e-01
1.172841609026333609e+00 3.015534089917698557e-02 -5.713200468882162486e-02 -3.210139476017125765e-02
2.700760643886335188e-01 7.795350907452704980e-01 -1.573118719363127693e-01 1.321080616382512007e-01
1.167514711026785834e+00 2.722091497621529146e-02 -7.234771105060505691e-02 -2.843656049833440461e-02
2.545413461214309780e-01 7.925304863072396566e-01 -1.609550052140048260e-01 1.311732950338521386e-01
1.160788643075974846e+00 2.461452455293422492e-02 -8.689374197527946486e-02 -2.517168608873593047e-02
2.387427341149024607e-01 8.054129370846364600e-01 -1.635725501158979966e-01 1.302378812804520225e-01
1.152721012154867664e+00 2.229971263706479606e-02 -1.006552051340126319e-01 -2.228272319025788317e-02
2.227857678383704521e-01 8.181751040132376751e-01 -1.650397959488310862e-01 1.292143223969680899e-01
1.143379841777355521e+00 2.024264714997894843e-02 -1.135303339414115570e-01 -1.974165634438529437e-02
2.067872389433295655e-01 8.307997083668937632e-01 -1.652462752385156775e-01 1.279912833588673637e-01
1.132842787588972167e+00 1.841233643377132925e-02 -1.254289944903023701e-01 -1.751811942165767966e-02
1.908731605265397424e-01 8.432578784380192483e-01 -1.641049037672213384e-01 1.264403883694670272e-01
1.121196444159441308e+00 1.678069877460777390e-02 -1.362714100523193805e-01 -1.558120606235530170e-02
1.751757688111443834e-01 8.555082017765102131e-01 -1.615616927706786665e-01 1.244237456231543221e-01
1.108535701571727206e+00 1.532252426952608430e-02 -1.459871464783822903e-01 -1.390061190314808258e-02
1.598295501983111044e-01 8.674969493735811277e-01 -1.576059556549167795e-01 1.218084838885506310e-01
1.094963122828178426e+00 1.401537223426173491e-02 -1.545141676542247100e-01 -1.244703260715647984e-02
1.449664448154832641e-01 8.791596887063297672e-01 -1.522783923373303427e-01 1.184820042591840511e-01
1.080588325843106379e+00 1.283940660298446904e-02 -1.617978802008898931e-01 -1.119321269724456343e-02
1.307105235337291949e-01 8.904244191341791348e-01 -1.456758824559117871e-01 1.143690930190122135e-01
1.065527369153179471e+00 1.177721556668976863e-02 -1.677900457170257709e-01 -1.011374316669943867e-02
1.171726205685377636e-01 9.012160193702256628e-01 -1.379508964138622396e-01 1.094453760903367906e-01
1.049902150021790659e+00 1.081361649839040519e-02 -1.724475765375703407e-01 -9.185383014022214035e-03
1.044454905506212034e-01 9.114615288600453891e-01 -1.293046299072805050e-01 1.037450122612244424e-01
1.033839825956970104e+00 9.935466915311932587e-03 -1.757313018907975533e-01 -8.386893898265865635e-03
9.260005917702963940e-02 9.210955819987245441e-01 -1.199744221400123045e-01 9.736066763042783290e-02
1.017472654156852174e+00 9.588382189404635533e-03 -1.775967641755073767e-01 -8.084050907238420416e-03
8.168320411271456916e-02 9.300652010853333040e-01 -1.102168055054757595e-01 9.043454570704240192e-02
1.000937154088737513e+00 9.587456594486723147e-03 -1.780143505662847014e-01 -8.115632411035087271e-03
7.171727700969035557e-02 9.383333150765880148e-01 -1.002889496343137704e-01 8.314337603974296387e-02
9.843729794107024533e-01 9.584597025181561952e-03 -1.769589576780687401e-01 -8.187884268815934230e-03
6.270130703005399875e-02 9.458805987848074581e-01 -9.043131845770079058e-02 7.567943182849520833e-02
9.679225340182242565e-01 9.579848952687937402e-03 -1.744022932671669135e-01 -8.299501322812352297e-03
5.461359756474897659e-02 9.527055694417899678e-01 -8.085380664152087837e-02 6.823188840971924907e-02
9.517304363532437250e-01 9.573323421500119432e-03 -1.703221923745907584e-01 -8.447742717846972241e-03
4.741527729752738340e-02 9.588231634897698141e-01 -7.172683657407040447e-02 6.097122747547416288e-02
9.359424830558157327e-01 9.565208704807107165e-03 -1.647062810442775360e-01 -8.628233578168777521e-03
4.105432173845581512e-02 9.642622161191656271e-01 -6.317757634246325138e-02 5.403858271231173904e-02
9.207042976674929546e-01 9.555763005589379758e-03 -1.575565700837200656e-01 -8.835161581619184468e-03
3.546960863692762145e-02 9.690623340212392023e-01 -5.529062527214664152e-02 4.754053422084363045e-02
9.061596257672196453e-01 9.545316092972716202e-03 -1.488944280209518189e-01 -9.061188667194448529e-03
3.059467042177862334e-02 9.732706081923707675e-01 -4.811199578879718497e-02 4.154843353375263504e-02
8.924482903365764663e-01 9.534254429110267104e-03 -1.387652059388807257e-01 -9.297888540184840248e-03
2.636092822310572362e-02 9.769385207316085840e-01 -4.165509616170139096e-02 3.610136768525569473e-02
8.797038831565719974e-01 9.523008316733774098e-03 -1.272417066242153283e-01 -9.535982037106767450e-03
2.270030548365359335e-02 9.801192677129425546e-01 -3.590749440314280200e-02 3.121109890316924734e-02
8.680513274980614646e-01 9.512030913189955389e-03 -1.144257936395203096e-01 -9.765804730571073580e-03
1.954720670683495615e-02 9.828656060418098361e-01 -3.083765065106542844e-02 2.686789863601832598e-02
8.576044899357364582e-01 9.501770143397174004e-03 -1.004476619156736417e-01 -9.977923557884528158e-03
1.683990763989061043e-02 9.852282435814446737e-01 -2.640100291090000800e-02 2.304637813094071244e-02
8.484640314521058047e-01 9.492645457323718033e-03 -8.546272475774122079e-02 -1.016364616894859831e-02
1.452143706053435172e-02 9.872547305800301043e-01 -2.254511945566524053e-02 1.971070064748191297e-02
8.407156687121779548e-01 9.485023298569223577e-03 -6.964642707363025154e-02 -1.031548693420638804e-02
1.254004369884448473e-02 9.889887791179842180e-01 -1.921382744148817864e-02 1.681894602807500194e-02
8.344289653315460908e-01 9.479198022253760778e-03 -5.318768237705760737e-02 -1.042763758178951068e-02
1.084934173538698414e-02 9.904699258805235162e-01 -1.635035435157677214e-02 1.432653087737947167e-02
8.296567046149794233e-01 9.475376275464193754e-03 -3.628177846354817271e-02 -1.049618573734010726e-02
9.408293478696278661e-03 9.906925804168166261e-01 -1.389812812255874878e-02 1.372297076965286328e-02
8.264348230020545083e-01 9.473672213595457983e-03 -1.912361328998442300e-02 -1.051922544850006878e-02
9.320282696439002867e-03 9.906785766145150829e-01 -1.344853440331518143e-02 1.342661172928930578e-02
8.247828222854093339e-01 9.474106390343876513e-03 -1.901951518667724036e-03 -1.049687393931399496e-02
9.336074316430955852e-03 9.906628880263345094e-01 -1.311759118981240847e-02 1.309781148361102883e-02
8.247045387607383482e-01 9.476611818107355534e-03 1.520486686702084145e-02 -1.043107000116040746e-02
9.353383340741379393e-03 9.906456904010302322e-01 -1.275767767371416110e-02 1.274019678784464420e-02
8.261891329994189848e-01 9.481043433645681626e-03 3.203164957701721410e-02 -1.032537071061275478e-02
9.372056305503270388e-03 9.906271359187284187e-01 -1.237198614982043011e-02 1.235693479837286606e-02
8.292121719983838180e-01 9.487193316553520911e-03 4.842762204243858393e-02 -1.018459563789674872e-02
9.391927562200221707e-03 9.906073888453352794e-01 -1.196394150970996571e-02 1.195142218990874645e-02
8.337367008106608690e-01 9.494801184346118861e-03 6.425655108059241671e-02 -1.001461298188959653e-02
9.412820751601739741e-03 9.905866241465826061e-01 -1.153716984321553202e-02 1.152725712586582900e-02
8.397142344897519095e-01 9.503570555019985946e-03 7.939608500086610399e-02 -9.821994207759657258e-03
9.434550389990340249e-03 9.905650259617524434e-01 -1.109546637502530596e-02 1.108820751867880920e-02
8.470856368429963146e-01 9.513182108731480652e-03 9.373669055237303371e-02 -9.613657987883836645e-03
9.456923490952156425e-03 9.905427859722465422e-01 -1.064276144772090087e-02 1.063817882477830629e-02
8.557818826851062433e-01 9.523303590710664734e-03 1.071804635942677081e-01 -9.396769608828256168e-03
9.479741313065065053e-03 9.905201016490265964e-01 -1.018308497512267728e-02 1.018117489935848989e-02
8.657247228724437305e-01 9.533602518011378979e-03 1.196400306433511446e-01 -9.178364976540042894e-03
9.502801097210885131e-03 9.904971745658722737e-01 -9.720530961932217703e-03 9.721267000364660141e-03
8.768272826871404968e-01 9.543751448764970988e-03 1.310375957747454412e-01 -8.965336259080143588e-03
9.525897906452895567e-03 9.904742085244113703e-01 -9.259219689764243075e-03 9.262552985559117241e-03
8.889946265049230023e-01 9.553436947849222940e-03 1.413041320129414524e-01 -8.764210786286219870e-03
9.548826445167841667e-03 9.904514077881391154e-01 -8.803261108609405916e-03 8.809122783499091086e-03
9.021243156644285222e-01 9.562364046297707268e-03 1.503786576618357795e-01 -8.581052374816272241e-03
9.571382869338207131e-03 9.904289752092967358e-01 -8.356718263950180248e-03 8.365019971214691583e-03
9.161069732433532176e-01 9.570261011622206715e-03 1.582074238931308607e-01 -8.421413581420912273e-03
9.593366667498038486e-03 9.904071104096868750e-01 -7.923569226057306653e-03 7.934205446904249448e-03
9.308268582281595815e-01 9.576884210873258876e-03 1.647430090862539442e-01 -8.290202301660005990e-03
9.614582388311556510e-03 9.903860080227174789e-01 -7.507672820852348723e-03 7.520521960231339384e-03
9.461624396678787186e-01 9.582019705530461090e-03 1.699432341177225525e-01 -8.191677428901733213e-03
9.634841431428396372e-03 9.903658558625918484e-01 -7.112732615087717820e-03 7.127658089097287097e-03
9.619869568879609867e-01 9.585490509056051114e-03 1.737699699850857316e-01 -8.129278856951367704e-03
9.653963711989765537e-03 9.903468333648005606e-01 -6.742264557957891244e-03 6.759117331806008266e-03
9.781689574126871678e-01 9.587158390293540680e-03 1.761880592007885327e-01 -8.105649236194180027e-03
9.671779286415898083e-03 9.903291098198133691e-01 -6.399564281856425299e-03 6.418182738536963930e-03
9.945728157747513176e-01 9.586934351716137198e-03 1.771645281784262616e-01 -8.122290238608484425e-03
9.688129838565090815e-03 9.903128429763743412e-01 -6.087679157958982186e-03 6.107890770148837432e-03
1.011059260114296254e+00 9.584778636810148411e-03 1.766684911597829200e-01 -8.179724136921374608e-03
9.702870125235688731e-03 9.902981775628254546e-01 -5.809379442652450216e-03 5.831002091679628359e-03
1.027485956774377707e+00 9.580715051606866414e-03 1.746720057852633179e-01 -8.277059199674209264e-03
9.715869240909297960e-03 9.902852440382239330e-01 -5.567134832012395236e-03 5.589977978206853507e-03
1.043708225607739237e+00 9.574831718033218614e-03 1.711521287213714770e-01 -8.412054132368902704e-03
9.727011797753135069e-03 9.902741573826852051e-01 -5.363091892322871361e-03 5.386957476949624270e-03
1.059579969855116266e+00 9.567291213309049580e-03 1.660941867687258100e-01 -8.580882763457170492e-03
9.736198930968152990e-03 9.902650161275414753e-01 -5.199055844815166777e-03 5.223739760973652828e-03
1.074954899030539535e+00 9.558326718674880693e-03 1.594960980394090622e-01 -8.778225525814253860e-03
9.743349193991357807e-03 9.902579014469442553e-01 -5.076473960438197472e-03 5.101767485870234778e-03
1.089688096826907149e+00 9.548245065273595900e-03 1.513732877292857937e-01 -8.997245582679364029e-03
9.748399256183433448e-03 9.902528764417529716e-01 -4.996423808319009653e-03 5.022114147547379094e-03
1.103637938764929993e+00 9.537414086558058599e-03 1.417634934136024205e-01 -9.229880630081364890e-03
9.751304469439080191e-03 9.902499856230377873e-01 -4.959603702403199768e-03 4.985476420359844993e-03
1.116668306008252509e+00 9.526251707538185495e-03 1.307307203688356789e-01 -9.467066984658831577e-03
9.752039252279912779e-03 9.902492544712788725e-01 -4.966327151250293087e-03 4.992166343503294523e-03
1.128650978005281802e+00 9.515203874313399313e-03 1.183675155903638199e-01 -9.699269084437767488e-03
9.750597313406333608e-03 9.902506892692423124e-01 -5.016520306944885314e-03 5.042110773643753915e-03
1.139468039370181485e+00 9.504722524486707708e-03 1.047950631954417677e-01 -9.916909464403531049e-03
9.746991695074183962e-03 9.902542770154975083e-01 -5.109723328103662338e-03 5.134851462356079810e-03
1.149014112659114240e+00 9.495238277218775308e-03 9.016088121796536625e-02 -1.011102766727038811e-02
9.741254648491756360e-03 9.902599855870071188e-01 -5.245095017737443424e-03 5.269550707792503008e-03
1.157198236439654915e+00 9.487137723547284240e-03 7.463430117328777313e-02 -1.027367932348377359e-02
9.733437342181164645e-03 9.902677639790270492e-01 -5.421420561823468535e-03 5.444997620892337575e-03
1.163945250146671606e+00 9.480738287044472232e-03 5.840031200958495372e-02 -1.039851844622895032e-02
9.723609401485982726e-03 9.902775428155669024e-01 -5.637122828558445431e-03 5.659620621603478514e-03
1.169196610623710830e+00 9.476278515114643086e-03 4.165259809444270267e-02 -1.048095049614829015e-02
9.711858283823255125e-03 9.902892349446112963e-01 -5.890276656144187439e-03 5.911501616135891000e-03
1.172910637259846345e+00 9.473903119210543011e-03 2.458661616065676431e-02 -1.051839995445050420e-02
9.698288487929826104e-03 9.903027362267503575e-01 -6.178626686659961960e-03 6.198392997799190979e-03
1.175062248544772370e+00 9.473662140055554709e-03 7.393484322417346807e-03 -1.051037004774042251e-02
9.683020637033391831e-03 9.903179264627711698e-01 -6.499607015541615865e-03 6.517737963467362325e-03
1.175642300696051912e+00 9.475518317050306630e-03 -9.744795631954010495e-03 -1.045815368656007917e-02
9.666190393946101286e-03 9.903346704517287380e-01 -6.850364513168523579e-03 6.866693002042391532e-03
1.174656661397954549e+00 9.479351801852498038e-03 -2.665856969864485726e-02 -1.036480838936750144e-02
9.647947245785718634e-03 9.903528192479461589e-01 -7.227784570416234330e-03 7.242155123770568567e-03
1.172125150992608278e+00 9.484974281522021156e-03 -4.319225822207890808e-02 -1.023475253853838030e-02
9.628453200115034277e-03 9.903722114271188426e-01 -7.628517839353133462e-03 7.640787055295558509e-03
1.168080463267363367e+00 9.492142139961610298e-03 -5.920482296820361867e-02 -1.007353223545310282e-02
9.607881320442150652e-03 9.903926745769476847e-01 -8.049010892646927401e-03 8.059048901668199386e-03
1.162567146137548635e+00 9.500570454325854564e-03 -7.456933803430716712e-02 -9.887480025880536136e-03
9.586414194614881201e-03 9.904140268071964792e-01 -8.485537349729659756e-03 8.493228799258626532e-03
1.155640687179034787e+00 9.509945489056047946e-03 -8.917203300594236937e-02 -9.683467609816089408e-03
9.564242331818869833e-03 9.904360783982781857e-01 -8.934230021572927075e-03 8.939476169791366750e-03
1.147366716399360165e+00 9.519940302286859779e-03 -1.029111356183978337e-01 -9.468525103675708848e-03
9.541562440326369077e-03 9.904586334481439991e-01 -9.391116428602613170e-03 9.393834460544528073e-03
1.137820313731290112e+00 9.530221055095714627e-03 -1.156957315461373398e-01 -9.249763192655432661e-03
9.518575715362206577e-03 9.904814917023780918e-01 -9.852152281073412246e-03 9.852279383772347479e-03
1.127085392993136592e+00 9.540458035635230802e-03 -1.274447754939211086e-01 -9.034164393605855284e-03
9.495486029905558095e-03 9.905044502590668598e-01 -1.031325808651548624e-02 1.031075109420977014e-02
1.115254129477422529e+00 9.550332562724608149e-03 -1.380862526655250166e-01 -8.828370218429774582e-03
9.472498151805851946e-03 9.905273054210669281e-01 -1.077035429922196773e-02 1.076519194025754404e-02
1.102426402019586194e+00 9.559543615451368895e-03 -1.475564303402314148e-01 -8.638601662778674917e-03
9.449815903378152096e-03 9.905498544978983411e-01 -1.121939747894749873e-02 1.121158171128191182e-02
1.088709230787270332e+00 9.567811570480392810e-03 -1.557990978578542018e-01 -8.470588073879238913e-03
9.427640388685737394e-03 9.905718975711597096e-01 -1.165641534995656703e-02 1.164597184477907284e-02
1.074216204609443448e+00 9.574883717262070229e-03 -1.627647096377127511e-01 -8.329406250268874337e-03
9.406168187809312714e-03 9.905932393589218510e-01 -1.207754215332950548e-02 1.206452310958758267e-02
1.059066904637465223e+00 9.580534984888674013e-03 -1.684093394077905148e-01 -8.219602785192701988e-03
9.385589634570175657e-03 9.906136908109151040e-01 -1.247905201959442420e-02 1.246353539191894302e-02
1.043386337037446099e+00 9.584576122768371023e-03 -1.726935272442535751e-01 -8.144878664819004896e-03
9.366087131478077060e-03 9.906330708899618864e-01 -1.285739185094421366e-02 1.283948278771531934e-02
1.027304386175668105e+00 9.586856259233932434e-03 -1.755811344467290980e-01 -8.108107665704493081e-03
9.347833541205613148e-03 9.906512080979805734e-01 -1.320921244709119882e-02 1.318904341671669513e-02
1.010955290429927045e+00 9.587267044009990108e-03 -1.770384151734407940e-01 -8.111277899998034502e-03
9.330990655126584002e-03 9.906679419990203073e-01 -1.353139789219207079e-02 1.350912796332593389e-02
9.944771217518264539e-01 9.585753100256281384e-03 -1.770336575088515552e-01 -8.155218625947348310e-03
9.315707771099362641e-03 9.906831246144464087e-01 -1.382109326508172698e-02 1.379690693089538449e-02
9.780112266340911242e-01 9.582316031923427888e-03 -1.755377001329662956e-01 -8.239497513237945339e-03
9.302120363714388995e-03 9.906966217289639998e-01 -1.407572931437481127e-02 1.404983594333736666e-02
9.617015628725097409e-01 9.577022576501529813e-03 -1.725255572842277763e-01 -8.362340710187966819e-03
9.290348935129359720e-03 9.907083140640859931e-01 -1.429304470764864755e-02 1.426567732288599663e-02
9.456938499421881916e-01 9.570009247013696804e-03 -1.679792974689330032e-01 -8.520459592216422795e-03
9.280497887780540453e-03 9.907180982331450503e-01 -1.447110753260256490e-02 1.444251817381060968e-02
9.301344503969432020e-01 9.561485873616649284e-03 -1.618920634444363238e-01 -8.709055372232236622e-03
9.272654620533112707e-03 9.907258877673854602e-01 -1.460833221638335733e-02 1.457878983138274215e-02
9.151689196626936473e-01 9.551735600893833389e-03 -1.542728416241307687e-01 -8.921745971125424890e-03
9.266888825489642822e-03 9.907316137740361794e-01 -1.470349093539735988e-02 1.467327966807434846e-02
9.009402011937828192e-01 9.541106907728077319e-03 -1.451513950252913132e-01 -9.150880119123428261e-03
9.263251749651386230e-03 9.907352255141552710e-01 -1.475572979379514288e-02 1.472514157753529625e-02
8.875865006095672305e-01 9.530003589022353894e-03 -1.345825954282651449e-01 -9.387648274696824488e-03
9.261775842145729756e-03 9.907366909605446192e-01 -1.476457198260354431e-02 1.473390656822799565e-02
8.752389355618475086e-01 9.518865140312254489e-03 -1.226493267640207940e-01 -9.622616330342883759e-03
9.262474393275502149e-03 9.907359969623790175e-01 -1.472992595867760914e-02 1.469948334543886605e-02
8.640191121439668720e-01 9.508142306137492769e-03 -1.094633562805756855e-01 -9.846223680173906215e-03
9.265341445027670819e-03 9.907331493953777102e-01 -1.465208474991131632e-02 1.462216165360349582e-02
8.540368124887134371e-01 9.498276781585327649e-03 -9.516382259536157462e-02 -1.004919257718029681e-02
9.270351839148120374e-03 9.907281731635178001e-01 -1.453172380785591050e-02 1.450261072936064391e-02
8.453879797329866275e-01 9.489673507123132234e-03 -7.991340377483159563e-02 -1.022316739162504318e-02
9.277461419937198597e-03 9.907211119505123786e-01 -1.436989644370128584e-02 1.434187252421260245e-02
8.381531563480999480e-01 9.482674242953039595e-03 -6.389263243886848798e-02 -1.036127632764215559e-02
9.286607384977968449e-03 9.907120278546244219e-01 -1.416802540185580807e-02 1.414135434424437093e-02
8.323964740992196853e-01 9.477545073555705343e-03 -4.729309308089532649e-02 -1.045826139249612756e-02
9.297708885748783361e-03 9.907010008890491104e-01 -1.392788906898139931e-02 1.390281620377086663e-02
8.281652223248900935e-01 9.474462186640931344e-03 -3.031039342308509965e-02 -1.051093945217342236e-02
9.310667685057475926e-03 9.906881282662516330e-01 -1.365160807123808745e-02 1.362835758498770998e-02
8.254899521561762654e-01 9.473509301769048735e-03 -1.313771485976016236e-02 -1.051798678710764642e-02
9.325369038307704250e-03 9.906735236032343517e-01 -1.334162558777282105e-02 1.332039815523140998e-02
8.243850196966913124e-01 9.474674650488830105e-03 4.039457741825784598e-03 -1.048027323635337092e-02
9.341682704493231570e-03 9.906573159119860250e-01 -1.300068634032787787e-02 1.298165712412506154e-02
8.248494393263238189e-01 9.477865671010832216e-03 2.104708575124059414e-02 -1.040023176380405930e-02
9.359464059293894078e-03 9.906396484664984348e-01 -1.263181334307821729e-02 1.261512962402892325e-02
8.268679123077881110e-01 9.482915748832461064e-03 3.772478635611645204e-02 -1.028185648871849517e-02
9.378555418318931802e-03 9.906206776404073988e-01 -1.223827971550997019e-02 1.222406258753504053e-02
8.304119101156866023e-01 9.489597907704643009e-03 5.392668595210739491e-02 -1.013035604974312290e-02
9.398787397802522287e-03 9.906005714265931905e-01 -1.182358079078196789e-02 1.181192353013076068e-02
8.354407206040336265e-01 9.497638400036641920e-03 6.952124229133446742e-02 -9.951884775588818247e-03
9.419980418437940220e-03 9.905795080247872253e-01 -1.139140282511933583e-02 1.138237032594535854e-02
8.419024004860035104e-01 9.506733727783709884e-03 8.439042884404708567e-02 -9.753068506639385113e-03
9.441946308738987173e-03 9.905576743041926147e-01 -1.094558965987830514e-02 1.093922232357463775e-02
8.497346114200421408e-01 9.516558809149059869e-03 9.842860920625007282e-02 -9.540972212209331699e-03
9.464489966165806623e-03 9.905352640143496590e-01 -1.049010932973521576e-02 1.048641919893653941e-02
8.588653449071302903e-01 9.526780593107062045e-03 1.115413736707610154e-01 -9.322726507877271418e-03
9.487411115283349988e-03 9.905124762283524786e-01 -1.002901678188252051e-02 1.002799292527854769e-02
8.692135603516116804e-01 9.537068223358143720e-03 1.236444946623472679e-01 -9.105317600124144747e-03
9.510506070188726527e-03 9.904895134504294596e-01 -9.566418825117425917e-03 9.568027157929787085e-03
8.806897682132603933e-01 9.547097783723597353e-03 1.346630372054194447e-01 -8.895537779403267856e-03
9.533569563150795512e-03 9.904665798526263165e-01 -9.106436738311034576e-03 9.110621657289591849e-03
8.931965902105960531e-01 9.556562330719119841e-03 1.445305932556145423e-01 -8.699762858750450731e-03
9.556396583805313108e-03 9.904438794199468266e-01 -8.653168808770740628e-03 8.659854768194375982e-03
9.066293189557727006e-01 9.565174706576083305e-03 1.531885486382786321e-01 -8.523871518809818595e-03
9.578784205416895209e-03 9.904216141267030427e-01 -8.210653553022948664e-03 8.219746184553013493e-03
9.208764869312863199e-01 9.572672116468439879e-03 1.605852393896361474e-01 -8.373211361536089456e-03
9.600533387357498144e-03 9.903999821344311449e-01 -7.782833723593124940e-03 7.794221754682004004e-03
9.358204430114573924e-01 9.578819841715427094e-03 1.666749986215197155e-01 -8.252501155093378005e-03
9.621450783927221889e-03 9.903791760030725699e-01 -7.373519850328392154e-03 7.387076829718217975e-03
9.513379243832728038e-01 9.583416199444531186e-03 1.714170180853883396e-01 -8.165732092346895954e-03
9.641350447312051902e-03 9.903593809379488411e-01 -6.986356576492421498e-03 7.001941965393639403e-03
9.673006108068359366e-01 9.586297436662019611e-03 1.747741713456427703e-01 -8.116049128910571633e-03
9.660055497814663480e-03 9.903407731454607621e-01 -6.624789959990032631e-03 6.642249781931403550e-03
9.835756554961964104e-01 9.587340145454231743e-03 1.767119933858592173e-01 -8.105760954988118147e-03
9.677399700939294178e-03 9.903235182497432953e-01 -6.292036101127124019e-03 6.311204948861828465e-03
1.000026203345582676e+00 9.586470698777395036e-03 1.771980928113135734e-01 -8.136093003709791646e-03
9.693228958682778909e-03 9.903077698212182645e-01 -5.991052446109308531e-03 6.011755207802140649e-03
1.016511930708180023e+00 9.583671453640855986e-03 1.762023395863648589e-01 -8.207018212377445443e-03
9.707402655477004663e-03 9.902936679505167650e-01 -5.724512251739545185e-03 5.746563373269427191e-03
1.032889665417535241e+00 9.578984808769839751e-03 1.736980990363461708e-01 -8.317315460238823219e-03
9.719794941377382647e-03 9.902813380669321930e-01 -5.494779570977571630e-03 5.517985889901314521e-03
1.049014164727986032e+00 9.572525218740083469e-03 1.696646990935685717e-01 -8.464135484656751598e-03
9.730295831457132227e-03 9.902708897687495515e-01 -5.303889072111826058e-03 5.328050286056633215e-03
1.064739135664808156e+00 9.564477504369813324e-03 1.640910860285580142e-01 -8.643186461573630630e-03
9.738812178745991435e-03 9.902624159044401964e-01 -5.153528217564343379e-03 5.178438985912613320e-03
1.079918569958137287e+00 9.555100917417186021e-03 1.569804133096140975e-01 -8.848634189775593864e-03
9.745268497391367316e-03 9.902559916743606250e-01 -5.045022452355747179e-03 5.070472006932918996e-03
1.094408431218678812e+00 9.544722400393531106e-03 1.483549934572168105e-01 -9.073217921089516899e-03
9.749607634534201636e-03 9.902516740562748998e-01 -4.979323686572706582e-03 5.005098929029005994e-03
1.108068681525836485e+00 9.533730238624688394e-03 1.382609228226464315e-01 -9.308457279066581491e-03
9.751791263923411876e-03 9.902495012326325563e-01 -4.957002371227676486e-03 4.982887807145048795e-03
1.120765570971386627e+00 9.522552462575099852e-03 1.267715369625913580e-01 -9.545128935839995721e-03
9.751800218767328610e-03 9.902494923208714495e-01 -4.978242958814400182e-03 5.004023109038097800e-03
1.132374056351192815e+00 9.511641306825207101e-03 1.139890284403679427e-01 -9.773573366818969974e-03
9.749634650982519704e-03 9.902516471658994179e-01 -5.042842835930069594e-03 5.068302891897716496e-03
1.142780171796439870e+00 9.501443497646434519e-03 1.000437254983944646e-01 -9.984374931860939828e-03
9.745314030171094502e-03 9.902559463648177296e-01 -5.150214221289134767e-03 5.175141541401840316e-03
1.151883162475303424e+00 9.492378284023090737e-03 8.509101645442213036e-02 -1.016886133770406563e-02
9.738876954766344587e-03 9.902623514603083876e-01 -5.299390371004009809e-03 5.323575898301344429e-03
1.159597211428970542e+00 9.484810912207109965e-03 6.930619805760868113e-02 -1.031958445427269208e-02
9.730380807142136393e-03 9.902708052674452643e-01 -5.489034170441628099e-03 5.512273559272680944e-03
1.165852640202789781e+00 9.479033770227067446e-03 5.287795962853874404e-02 -1.043075174754348571e-02
9.719901231593483515e-03 9.902812324052597814e-01 -5.717450889838748482e-03 5.739545625740184905e-03
1.170596531727941869e+00 9.475255187718785096e-03 3.600132662570289244e-02 -1.049842272612803475e-02
9.707531458606326671e-03 9.902935399725251164e-01 -5.982603209482162919e-03 6.003362323149179225e-03
1.173792796303629649e+00 9.473588929112722323e-03 1.887094179207622624e-02 -1.052069502178944356e-02
9.693381476285173673e-03 9.903076183537528054e-01 -6.282129767490016864e-03 6.301370024295779512e-03
1.175421761501017182e+00 9.474053800175599033e-03 1.675350903770730926e-03 -1.049773811782175707e-02
9.677577044131916578e-03 9.903233422360795402e-01 -6.613366352498218845e-03 6.630914382315741470e-03
1.175479407043640512e+00 9.476585256861350809e-03 -1.540727256613864775e-02 -1.043140954253356061e-02
9.660258576118213591e-03 9.903405716897140110e-01 -6.973369611563756329e-03 6.989062109035667526e-03
1.173976380144021059e+00 9.481038416613744163e-03 -3.221183870635994928e-02 -1.032527877476886909e-02
9.641579886702217675e-03 9.903591534554840869e-01 -7.358943513286621274e-03 7.372628843470524322e-03
1.170936918660826720e+00 9.487204952642205522e-03 -4.858761336373303152e-02 -1.018418605564365247e-02
9.621706831411305089e-03 9.903789222845034157e-01 -7.766667411464181839e-03 7.778206778091671138e-03
1.166397784418129246e+00 9.494825789175558375e-03 -6.439834452973888790e-02 -1.001396299835941896e-02
9.600815821840561273e-03 9.903997024249456826e-01 -8.192926648605018333e-03 8.202194535490196781e-03
1.160407275394567561e+00 9.503604642245939288e-03 -7.952161767010104687e-02 -9.821164514819147665e-03
9.579092275780683868e-03 9.904213092000809793e-01 -8.633944033340203161e-03 8.640830818419585960e-03
1.153024350318075042e+00 9.513223189752624542e-03 -9.384779427111117345e-02 -9.612705133822991785e-03
9.556728956837109989e-03 9.904435506184403604e-01 -9.085813584518244446e-03 9.090225116718263915e-03
1.144317868511284253e+00 9.523350554651647398e-03 -1.072788495385883500e-01 -9.395698192868831219e-03
9.533924263260456014e-03 9.904662291607064795e-01 -9.544534980500800694e-03 9.546395534391568377e-03
1.134365926462267193e+00 9.533652025698462554e-03 -1.197272667771119986e-01 -9.177266402581098562e-03
9.510880484050750205e-03 9.904891434720295429e-01 -1.000604821109759776e-02 1.000530111134321359e-02
1.123255259930410199e+00 9.543802075950430508e-03 -1.311151023007329219e-01 -8.964232913439019665e-03
9.487801994370621134e-03 9.905120901861371729e-01 -1.046626961295324745e-02 1.046287909610240860e-02
1.111080679161758678e+00 9.553488393558533590e-03 -1.413731892993425887e-01 -8.763092425420788978e-03
9.464893438948334542e-03 9.905348657358986619e-01 -1.092112806024377915e-02 1.091507983010015295e-02
1.097944511132555201e+00 9.562415282963802887e-03 -1.504403966336194387e-01 -8.579960330609473149e-03
9.442357946754575959e-03 9.905572681571973570e-01 -1.136659954179256374e-02 1.135790355922011892e-02
1.083956033648183936e+00 9.570311908257203570e-03 -1.582628448316290015e-01 -8.420331048341530081e-03
9.420395297461071210e-03 9.905790989113317790e-01 -1.179874386010903824e-02 1.178743504653739782e-02
1.069230900535694806e+00 9.576933841731130256e-03 -1.647929880346787890e-01 -8.289145987624922315e-03
9.399200188789013852e-03 9.906001645537438893e-01 -1.221373778805476609e-02 1.219987618463557952e-02
1.053890566530896855e+00 9.582067805062993368e-03 -1.699885301328455667e-01 -8.190664390398822922e-03
9.378960488206701182e-03 9.906202785727881155e-01 -1.260790966772925605e-02 1.259158299675614337e-02
1.038061726144950292e+00 9.585536561128796609e-03 -1.738112409776625955e-01 -8.128315350911368212e-03
9.359855601820782703e-03 9.906392628801695688e-01 -1.297777093161613451e-02 1.295909236813866904e-02
1.021875774897169853e+00 9.587202936928079788e-03 -1.762258643149347825e-01 -8.104709062654752785e-03
9.342054858426967340e-03 9.906569495661966540e-01 -1.332004703801848745e-02 1.329915859092486129e-02
1.005468289712964314e+00 9.586975835428942355e-03 -1.771993395663203630e-01 -8.121432555796269728e-03
9.325716037440059253e-03 9.906731821548125927e-01 -1.363170612193745704e-02 1.360877550019775478e-02
9.889785013614076359e-01 9.584818356070654022e-03 -1.767007033569286956e-01 -8.178889545880710377e-03
9.310983976584814859e-03 9.906878171402238031e-01 -1.390998565535474414e-02 1.388520593603552455e-02
9.725487094233921104e-01 9.580751505852158970e-03 -1.747019434972660601e-01 -8.276310689479411328e-03
9.297989281785937893e-03 9.907007251454255092e-01 -1.415241686598359659e-02 1.412600525276683748e-02
9.563235660580337028e-01 9.574865843457420339e-03 -1.711800499709648093e-01 -8.411356264354080334e-03
9.286847198742155529e-03 9.907117920944430445e-01 -1.435684617640995732e-02 1.432904233576465930e-02
9.404491457579136071e-01 9.567322181097424882e-03 -1.661202893677721504e-01 -8.580248951660721102e-03
9.277656561949601879e-03 9.907209201392066511e-01 -1.452145486832871063e-02 1.449251703764160674e-02
9.250717214227489604e-01 9.558355190228698395e-03 -1.595205350321884930e-01 -8.777635314196249525e-03
9.270498947459302266e-03 9.907280286013311343e-01 -1.464477557575147998e-02 1.461497830807719639e-02
9.103361960063254266e-01 9.548270734623777803e-03 -1.513961688578314979e-01 -8.996731292173926545e-03
9.265437952558099738e-03 9.907330545635705255e-01 -1.472570406542160655e-02 1.469533404649063686e-02
8.963841839515617194e-01 9.537436409178517288e-03 -1.417848966646850506e-01 -9.229431015415843695e-03
9.262518603263729736e-03 9.907359535205372270e-01 -1.476351131295428401e-02 1.473286451170355629e-02
8.833517969000564962e-01 9.526272005877294002e-03 -1.307506919033602222e-01 -9.466647917100399004e-03
9.261766976768764231e-03 9.907366996637353429e-01 -1.475784902094857097e-02 1.472722423913561986e-02
8.713672499120073134e-01 9.515220914652084555e-03 -1.183860893756398247e-01 -9.698916532140515814e-03
9.263189977767843919e-03 9.907352862213406608e-01 -1.470875290667959800e-02 1.467845092588559996e-02
8.605484539381274001e-01 9.504737170975661661e-03 -1.048122647922944128e-01 -9.916612242990828843e-03
9.266775226011240638e-03 9.907317254046099642e-01 -1.461664438629550929e-02 1.458696006711094305e-02
8.510007824467220594e-01 9.495250576429000236e-03 -9.017673759643687892e-02 -1.011076971166689591e-02
9.272491183283177590e-03 9.907260484005251389e-01 -1.448232588947752884e-02 1.445354559961922226e-02
8.428151928299019158e-01 9.487147124881162297e-03 -7.464883873854383234e-02 -1.027349400731164368e-02
9.280287434885466091e-03 9.907183050860888240e-01 -1.430697489087447150e-02 1.427937294539479915e-02
8.360668410774193537e-01 9.480745521295828177e-03 -5.841356895493113321e-02 -1.039838437734809731e-02
9.290095107062124741e-03 9.907085636180680277e-01 -1.409213369824281747e-02 1.406596905594760180e-02
8.308142650416322494e-01 9.476283569577531249e-03 -4.166462221096142726e-02 -1.048086171710268903e-02
9.301827451292099536e-03 9.906969097960081072e-01 -1.383969739945247086e-02 1.381520800677636489e-02
8.270991391938481430e-01 9.473906841993078379e-03 -2.459746672277585144e-02 -1.051833244447358470e-02
9.315380639093571308e-03 9.906834464392249018e-01 -1.355189579239453844e-02 1.352929884774126644e-02
8.249465381841584177e-01 9.473664898516151803e-03 -7.403229012942770873e-03 -1.051032732991100463e-02
9.330634634623158688e-03 9.906682923475624847e-01 -1.323127505775700298e-02 1.321076176899515023e-02
8.243655983078714833e-01 9.475519502563164650e-03 9.736080436230800869e-03 -1.045813692198392479e-02
9.347454273586287138e-03 9.906515814927043806e-01 -1.288067581365603086e-02 1.286241328235851814e-02
8.253504440000162257e-01 9.479352041409542379e-03 2.665080340434818756e-02 -1.036481031801770279e-02
9.365690428631227166e-03 9.906334616043591668e-01 -1.250320715388819962e-02 1.248733356877041595e-02
8.278812468339749042e-01 9.484974063827325552e-03 4.318535718520262467e-02 -1.023475982881317387e-02
9.385181350515643672e-03 9.906140931097198177e-01 -1.210221999386544567e-02 1.208884701793370813e-02
8.319253049584465209e-01 9.492140890312444901e-03 5.919870342703967281e-02 -1.007356581170360671e-02
9.405754086794754221e-03 9.905936475803990282e-01 -1.168127666404497611e-02 1.167048845662176960e-02
8.374380625898992792e-01 9.500569022586289117e-03 7.456391875251952572e-02 -9.887517243939032349e-03
9.427226015565502368e-03 9.905723062708846616e-01 -1.124411969852471757e-02 1.123597270359707676e-02
8.443640246806328742e-01 9.509944167068460838e-03 8.916723719073618715e-02 -9.683493371941449476e-03
9.449406463040953275e-03 9.905502585277463634e-01 -1.079463835430110111e-02 1.078916292322477065e-02
8.526375541672766012e-01 9.519938418736759167e-03 1.029068901921252888e-01 -9.468563000553185255e-03
9.472098413721331475e-03 9.905277000801119280e-01 -1.033683322185395027e-02 1.033403423267405079e-02
8.621835645930951975e-01 9.530219095171701613e-03 1.156919696323931296e-01 -9.249803746388401623e-03
9.495100239209857892e-03 9.905048313485753653e-01 -9.874781310124937025e-03 9.874639654241226458e-03
8.729181361810888218e-01 9.540455294623963883e-03 1.274414347010371651e-01 -9.034233669860149141e-03
9.518207544720595770e-03 9.904818555817890280e-01 -9.412597619879963309e-03 9.415072084820367768e-03
8.847490883000619366e-01 9.550330095696651228e-03 1.380832798939879980e-01 -8.828430401010625705e-03
9.541214925396848678e-03 9.904589770951248706e-01 -8.954400469135193746e-03 8.959428109174058866e-03
8.975765372220939620e-01 9.559541348717115472e-03 1.475537746173386511e-01 -8.638648352716471121e-03
9.563917874559759585e-03 9.904363994205548360e-01 -8.504271916373368559e-03 8.511771308143024559e-03
9.112934585809284727e-01 9.567809669819774335e-03 1.557967194490055829e-01 -8.470617052073504960e-03
9.586114550696510708e-03 9.904143234482887248e-01 -8.066222985641838608e-03 8.076093594957178476e-03
9.257862596805223054e-01 9.574881822262794676e-03 1.627625655762363344e-01 -8.329441439748966336e-03
9.607607623875956751e-03 9.903929456817971433e-01 -7.644155806303054405e-03 7.656281642682700485e-03
9.409353560842715902e-01 9.580533271661313688e-03 1.684073986335853923e-01 -8.219629369974531044e-03
9.628206022830742769e-03 9.903724564016577192e-01 -7.241829716176451451e-03 7.256079060080973531e-03
9.566157388297056308e-01 9.584574650636853640e-03 1.726917638056685855e-01 -8.144899524182140985e-03
9.647726641442278331e-03 9.903530380076770445e-01 -6.862826454230575718e-03 6.879054222177709288e-03
9.726975210440934605e-01 9.586853977620810041e-03 1.755795225681008320e-01 -8.108168205746800472e-03
9.665995979115186640e-03 9.903348633480161256e-01 -6.510518863568601038e-03 6.528567431622741765e-03
9.890464621755240548e-01 9.587265023485400453e-03 1.770369317041472212e-01 -8.111327797258836847e-03
9.682851684484163057e-03 9.903180941849459851e-01 -6.188039974974663716e-03 6.207740417302835302e-03
1.005524488488728663e+00 9.585751438553821724e-03 1.770322870447866570e-01 -8.155255474003782548e-03
9.698144004436437884e-03 9.903028797391444371e-01 -5.898255395840709854e-03 5.919428603768678299e-03
1.021990251996989008e+00 9.582314825849702622e-03 1.755364287919694011e-01 -8.239521182961534462e-03
9.711737120848209712e-03 9.902893553522326142e-01 -5.643737493038210318e-03 5.666195477240985184e-03
1.038299793649535063e+00 9.577021131160649847e-03 1.725243724324668215e-01 -8.362372327511019901e-03
9.723510349978370382e-03 9.902776412954953367e-01 -5.426742915597176226e-03 5.450290087011601912e-03
1.054307392998808046e+00 9.570007725234756096e-03 1.679781915365372580e-01 -8.520496804058827131e-03
9.733359217282995871e-03 9.902678416836941944e-01 -5.249192439560122422e-03 5.273626634624517875e-03
1.069866686701357539e+00 9.561484776142034625e-03 1.618910286453236202e-01 -8.709072804215465050e-03
9.741196381382967451e-03 9.902600435518222888e-01 -5.112654309717126408e-03 5.137767844203378759e-03
1.084832118653721089e+00 9.551734614202996715e-03 1.542718705946745650e-01 -8.921768415447577441e-03
9.746952401253075604e-03 9.902543161237346014e-01 -5.018330519347630539e-03 5.043912396169281630e-03
1.099060745016718466e+00 9.541106417451854921e-03 1.451504873596458356e-01 -9.150885407138825353e-03
9.750576354741446669e-03 9.902507101308162252e-01 -4.967046458558733654e-03 4.992882317058558797e-03
1.112414359899124960e+00 9.530002804515345927e-03 1.345817504655513197e-01 -9.387668482346034696e-03
9.752036269211792133e-03 9.902492574440425743e-01 -4.959244447271317878e-03 4.985118881773659485e-03
1.124761845301752050e+00 9.518863585533813079e-03 1.226485387502982277e-01 -9.622653298673478420e-03
9.751319409094382981e-03 9.902499707505731941e-01 -4.994979777098772569e-03 5.020677006626426270e-03
1.135981594894904356e+00 9.508141039368322306e-03 1.094626250488989205e-01 -9.846250370810008534e-03
9.748432377649964703e-03 9.902528434733792739e-01 -5.073920948914222365e-03 5.099226648896500007e-03
1.145963826375939076e+00 9.498276701144755044e-03 9.516314488068466915e-02 -1.004919373424085528e-02
9.743401047463334103e-03 9.902578498521716899e-01 -5.195353166461400864e-03 5.220056274664397825e-03
1.154612596579822403e+00 9.489673262519895264e-03 7.991278356006520367e-02 -1.022317589769704792e-02
9.736270325775108272e-03 9.902649451110592249e-01 -5.358185020245565325e-03 5.382077426117963699e-03
1.161847362733404720e+00 9.482673916500669251e-03 6.389206482784953733e-02 -1.036127404754691624e-02
9.727103745995875281e-03 9.902740659560165248e-01 -5.560958732475140831e-03 5.583838171977276860e-03
1.167603992925807521e+00 9.477544712781107647e-03 4.729257765227756760e-02 -1.045827606187801039e-02
9.715982898678747481e-03 9.902851310714466671e-01 -5.801863443439155173e-03 5.823533786905696515e-03
1.171835197585787025e+00 9.474462431746065449e-03 3.030992835781762956e-02 -1.051091196252549459e-02
9.703006703968619640e-03 9.902980418837288301e-01 -6.078751541293029789e-03 6.099024267186276341e-03
1.174510425245317125e+00 9.473508327717119343e-03 1.313729587321873539e-02 -1.051801727957094555e-02
9.688290515573842743e-03 9.903126834347394380e-01 -6.389158460217722255e-03 6.407853466904556497e-03
1.175615319533983794e+00 9.474674007452518407e-03 -4.039832901462217518e-03 -1.048029441212238941e-02
9.671965115445289862e-03 9.903289254081255599e-01 -6.730324029127805405e-03 6.747271148095927880e-03
1.175150865746875217e+00 9.477864912036830514e-03 -2.104742035840421327e-02 -1.040024123993252628e-02
9.654175526316604097e-03 9.903466232791422463e-01 -7.099217660857196771e-03 7.114257205706761220e-03
1.173132362273503704e+00 9.482915475268376485e-03 -3.772508435652931202e-02 -1.028185902361931393e-02
9.635079733588226142e-03 9.903656196478336504e-01 -7.492565156789624328e-03 7.505550011151160446e-03
1.169588337319198645e+00 9.489596932962618067e-03 -5.392695031097459457e-02 -1.013039519574799284e-02
9.614847282236020296e-03 9.903857455867389747e-01 -7.906877785082519483e-03 7.917673352316729682e-03
1.164559502726544959e+00 9.497638751008244395e-03 -6.952147582004371273e-02 -9.951866010633227122e-03
9.593657759309405508e-03 9.904068221774479097e-01 -8.338483223690630955e-03 8.346968590506109037e-03
1.158097801416336559e+00 9.506733643245755122e-03 -8.439063605246563404e-02 -9.753067712768483805e-03
9.571699225893733759e-03 9.904286621465895335e-01 -8.783557288128169757e-03 8.789628678986858776e-03
1.150265571459143876e+00 9.516559052703332106e-03 -9.842879234273130273e-02 -9.540972084508386394e-03
9.549166509444245027e-03 9.904510714458011345e-01 -9.238158931836938995e-03 9.241727757813506319e-03
1.141134821056451365e+00 9.526780844979874582e-03 -1.115415359281141106e-01 -9.322716952911945520e-03
9.526259496926103160e-03 9.904738510921584638e-01 -9.698264185685215311e-03 9.699260785688258724e-03
1.130786590609603737e+00 9.537068006530358827e-03 -1.236446380819695018e-01 -9.105324195434380194e-03
9.503181393368224580e-03 9.904967988451153227e-01 -1.015980053528104006e-02 1.015817530018868486e-02
1.119310369357987112e+00 9.547097886319841353e-03 -1.346631650021509752e-01 -8.895541148489239866e-03
9.480136844647067684e-03 9.905197110703382046e-01 -1.061868514276384685e-02 1.061440880725301496e-02
1.106803535334861310e+00 9.556563089980480222e-03 -1.445307092534147408e-01 -8.699740897259665082e-03
9.457330203356232798e-03 9.905423845687687523e-01 -1.107085828719133434e-02 1.106392541899533545e-02
1.093370795886111635e+00 9.565174607684195571e-03 -1.531886491764111180e-01 -8.523877110654803912e-03
9.434963677574358804e-03 9.905646182732847915e-01 -1.151232005036130317e-02 1.150274812100377138e-02
1.079123618269077767e+00 9.572671790866264449e-03 -1.605853306550645010e-01 -8.373225101594080136e-03
9.413235547026785680e-03 9.905862151657307546e-01 -1.193916542882461108e-02 1.192699756479425471e-02
1.064179653491341027e+00 9.578819559651197482e-03 -1.666750806507093230e-01 -8.252514927894276028e-03
9.392338416381483188e-03 9.906069839415458933e-01 -1.234761830810065728e-02 1.233292377917953424e-02
1.048662164218400639e+00 9.583416592632256620e-03 -1.714170925631314513e-01 -8.165720162834252602e-03
9.372457521702477062e-03 9.906267406993256586e-01 -1.273406423239937905e-02 1.271693928388699726e-02
1.032699470606422532e+00 9.586297375334123724e-03 -1.747742388713008632e-01 -8.116056228230257574e-03
9.353769074518836907e-03 9.906453106086809957e-01 -1.309508295851654486e-02 1.307565078091195952e-02
1.016424419301756199e+00 9.587340035763690371e-03 -1.767120575889291612e-01 -8.105769925062511483e-03
9.336438714859198601e-03 9.906625293609647720e-01 -1.342747758824809449e-02 1.340588842318864680e-02
9.999738654246460579e-01 9.586470766241875219e-03 -1.771981499197114451e-01 -8.136091202669282207e-03
9.320620059136504668e-03 9.906782446884928595e-01 -1.372830327178839460e-02 1.370473317784953911e-02
9.834881324603179653e-01 9.583671426862868173e-03 -1.762023934598431485e-01 -8.207027331204376844e-03
9.306453356092508900e-03 9.906923176601474257e-01 -1.399489222539992798e-02 1.396954335957127299e-02
9.671103925678455893e-01 9.578985116766377747e-03 -1.736981488288079911e-01 -8.317306138051703754e-03
9.294064191009131573e-03 9.907046238747515554e-01 -1.422487899778540274e-02 1.419797623917479386e-02
9.509858884696973380e-01 9.572525477230144422e-03 -1.696647443470324368e-01 -8.464114955324756814e-03
9.283562432827258820e-03 9.907150545562533051e-01 -1.441622008781171492e-02 1.438800895919534542e-02
9.352609130110584035e-01 9.564477848813616664e-03 -1.640911302797781746e-01 -8.643175055188535502e-03
9.275041283073029788e-03 9.907235175108466407e-01 -1.456721146946713362e-02 1.453795609515680029e-02
9.200814745065660771e-01 9.555100466716150501e-03 -1.569804549702994156e-01 -8.848643655547222195e-03
9.268576387289968049e-03 9.907299378905590759e-01 -1.467650551622559293e-02 1.464648523784364310e-02
9.055916092998920197e-01 9.544722057919364025e-03 -1.483550327392131329e-01 -9.073229739832837717e-03
9.264225194303230687e-03 9.907342588755773116e-01 -1.474312277113281819e-02 1.471262747767422725e-02
8.919313553425084473e-01 9.533730140038184850e-03 -1.382609594128940411e-01 -9.308465575309324627e-03
9.262026467795203208e-03 9.907364421658408915e-01 -1.476645996469824230e-02 1.473578717997505415e-02
8.792344625051491391e-01 9.522553194973543828e-03 -1.267715710011691477e-01 -9.545102994098475166e-03
9.261999904148856405e-03 9.907364682667386679e-01 -1.474629669805362087e-02 1.471574662611600109e-02
8.676259740275307220e-01 9.511641334618729793e-03 -1.139890577598256793e-01 -9.773569648692179146e-03
9.264145970105048047e-03 9.907343367158075731e-01 -1.468279761698166978e-02 1.465266845801577351e-02
8.572198556747931963e-01 9.501443374311208806e-03 -1.000437542835862920e-01 -9.984388918213524602e-03
9.268445900186913014e-03 9.907300661217798288e-01 -1.457651110806719615e-02 1.454709662862851971e-02
8.481168623326711398e-01 9.492378043689801009e-03 -8.509104269751764649e-02 -1.016886614436983763e-02
9.274861817862252444e-03 9.907236938883684507e-01 -1.442836585908918549e-02 1.439994873173207346e-02
8.404028109397805313e-01 9.484810679362043820e-03 -6.930622207120143430e-02 -1.031958075378225717e-02
9.283337089877843895e-03 9.907152760750885800e-01 -1.423966247348949603e-02 1.421251225843896647e-02
8.341473799422772784e-01 9.479033748591813094e-03 -5.287798149700859845e-02 -1.043076369989665540e-02
9.293796818526560768e-03 9.907048867614600685e-01 -1.401206218515187174e-02 1.398643061065590366e-02
8.294034863880136443e-01 9.475255620476727425e-03 -3.600134667203727656e-02 -1.049840029256658876e-02
9.306148471254429774e-03 9.906926175328324424e-01 -1.374757339091237617e-02 1.372369222472356876e-02
8.262072199792995786e-01 9.473589367671326686e-03 -1.887095988879464864e-02 -1.052068873524011038e-02
9.320282699262265325e-03 9.906785766201625654e-01 -1.344853429038468315e-02 1.342661192693845977e-02
8.245782531326827369e-01 9.474054657305405400e-03 -1.675367166374152825e-03 -1.049770403809396381e-02
9.336074313607693395e-03 9.906628880178647290e-01 -1.311759130274290676e-02 1.309781114481140332e-02
8.245206061120363694e-01 9.476585397322193419e-03 1.540725794461664244e-02 -1.043140393811341216e-02
9.353383340741379393e-03 9.906456904151477172e-01 -1.275767767372138796e-02 1.274019735254050371e-02
8.260236316874725038e-01 9.481038572909529505e-03 3.221182586051757335e-02 -1.032527802055266397e-02
9.372056306915262439e-03 9.906271359130822685e-01 -1.237198609334072552e-02 1.235693479838641945e-02
8.290630919929872222e-01 9.487205082252250440e-03 4.858760177209392461e-02 -1.018418335050502201e-02
9.391927563611852936e-03 9.906073888453355014e-01 -1.196394142500486341e-02 1.195142224638032040e-02
8.336022251933821181e-01 9.494825245815442794e-03 6.439833478658858745e-02 -1.001398470758346412e-02
9.412820753013370970e-03 9.905866241479942547e-01 -1.153716984321553202e-02 1.152725718233830673e-02
8.395927332850953162e-01 9.503604188491970861e-03 7.952160805631414142e-02 -9.821187368301131232e-03
9.434550388578709021e-03 9.905650259575171646e-01 -1.109546640325070367e-02 1.108820760336945432e-02
8.469756575450572145e-01 9.513223164606362733e-03 9.384778658756914860e-02 -9.612709250755481147e-03
9.456923492363787653e-03 9.905427859708345606e-01 -1.064276139125565172e-02 1.063817885298924681e-02
8.556821386151207687e-01 9.523349908014499057e-03 1.072788427546269435e-01 -9.395723097010803826e-03
9.479741310241802596e-03 9.905201016546734127e-01 -1.018308508806040416e-02 1.018117523817166879e-02
8.656340800317812167e-01 9.533651887001899639e-03 1.197272607958938806e-01 -9.177268724761452820e-03
9.502801097210885131e-03 9.904971745686954598e-01 -9.720530933699593132e-03 9.721267056829456521e-03
8.767447460006887461e-01 9.543802524372835619e-03 1.311150970039065833e-01 -8.964228462499980454e-03
9.525897907864165973e-03 9.904742085286459830e-01 -9.259219605073596218e-03 9.262553183180260649e-03
8.889193261992949235e-01 9.553489112933901892e-03 1.413731832461551374e-01 -8.763075327407969170e-03
9.548826443756210439e-03 9.904514077881391154e-01 -8.803261165074655059e-03 8.809122783499091086e-03
9.020554937851412713e-01 9.562415776479983934e-03 1.504403929673897855e-01 -8.579941425267771302e-03
9.571382870749838359e-03 9.904289752092964028e-01 -8.356718207484931105e-03 8.365020027679940726e-03
9.160439708041636653e-01 9.570312085558592419e-03 1.582628398054918006e-01 -8.420322984804712654e-03
9.593366667498399308e-03 9.904071104082745602e-01 -7.923569254279089202e-03 7.934205418654007025e-03
9.307691035646052935e-01 9.576933657745636749e-03 1.647929852594103572e-01 -8.289153733092961829e-03
9.614582389723187739e-03 9.903860080156581258e-01 -7.507672764387099580e-03 7.520521762571345976e-03
9.461094372514027295e-01 9.582067575951196126e-03 1.699885272363272082e-01 -8.190669876136555047e-03
9.634841431428396372e-03 9.903658558654149235e-01 -7.112732643320342392e-03 7.127658117323135839e-03
9.619382773486442328e-01 9.585536309527032880e-03 1.738112379149938380e-01 -8.128321738199347987e-03
9.653963714813208405e-03 9.903468333676245239e-01 -6.742264445020164365e-03 6.759117388288876128e-03
9.781242283105070490e-01 9.587202211134232890e-03 1.762258624032550514e-01 -8.104728547791636983e-03
9.671779285004447266e-03 9.903291098240487589e-01 -6.399564338314446717e-03 6.418182893830402629e-03
9.945317132781171798e-01 9.586975787386136511e-03 1.771993387902267569e-01 -8.121429450894229393e-03
9.688129838565090815e-03 9.903128429693156543e-01 -6.087679172075294472e-03 6.107890530153458827e-03
1.011021501361933028e+00 9.584817811302430435e-03 1.767007009399095552e-01 -8.178913542021432406e-03
9.702870125235508320e-03 9.902981775649428720e-01 -5.809379442656063645e-03 5.831002148141263206e-03
1.027451293053016190e+00 9.580751254906339290e-03 1.747019390208988665e-01 -8.276322032908499729e-03
9.715869240909297960e-03 9.902852440354007468e-01 -5.567134832012395236e-03 5.589977907632746185e-03
1.043676436212054526e+00 9.574865705704113314e-03 1.711800474799669569e-01 -8.411359471171124882e-03
9.727011796341503841e-03 9.902741573848029555e-01 -5.363091948788120504e-03 5.386957589894352492e-03
1.059550856388099538e+00 9.567322224152898999e-03 1.661202892782098484e-01 -8.580247638800310439e-03
9.736198931673788193e-03 9.902650161289529018e-01 -5.199055830709696513e-03 5.223739831547985664e-03
1.074928280583890672e+00 9.558355368890760970e-03 1.595205354663391806e-01 -8.777633547958629823e-03
9.743349193285542192e-03 9.902579014469442553e-01 -5.076473988670822043e-03 5.101767457633996777e-03
1.089663805801747598e+00 9.548270371423278613e-03 1.513961666657481775e-01 -8.996734942176681446e-03
9.748399256889249062e-03 9.902528764466943523e-01 -4.996423765966458500e-03 5.022114331073216850e-03
1.103615817694981072e+00 9.537437152962891657e-03 1.417848950632027705e-01 -9.229410718717493897e-03
9.751304469439080191e-03 9.902499856244494358e-01 -4.959603702403199768e-03 4.985476448592469564e-03
1.116648204640833253e+00 9.526271236496713923e-03 1.307506917694829240e-01 -9.466670532726496542e-03
9.752039252279912779e-03 9.902492544712788725e-01 -4.966327151250293087e-03 4.992166343503294523e-03
1.128632751440375115e+00 9.515221387759965552e-03 1.183860861450859864e-01 -9.698906618231991836e-03
9.750597313406333608e-03 9.902506892699480812e-01 -5.016520292824958732e-03 5.042110801876378487e-03
1.139451547262806619e+00 9.504737418452036124e-03 1.048122623893626981e-01 -9.916600968950679482e-03
9.746991695779819165e-03 9.902542770211444356e-01 -5.109723313998192074e-03 5.134851617642743546e-03
1.148999218626534313e+00 9.495250564389837167e-03 9.017673554211229348e-02 -1.011077559933644225e-02
9.741254647785940746e-03 9.902599855870066747e-01 -5.245095060089993710e-03 5.269550721894811739e-03
1.157184808115235164e+00 9.487147225812252171e-03 7.464883701676211514e-02 -1.027348995581075543e-02
9.733437342181164645e-03 9.902677639846741986e-01 -5.421420561823468535e-03 5.444997747953604465e-03
1.163933159762291281e+00 9.480745893545802078e-03 5.841356734685692470e-02 -1.039837218896411467e-02
9.723609403603790391e-03 9.902775428155671245e-01 -5.637122743842501969e-03 5.659620621610707107e-03
1.169185735741842036e+00 9.476283981423472280e-03 4.166462205485076814e-02 -1.048084805917301118e-02
9.711858283117439511e-03 9.902892349502582237e-01 -5.890276684373197714e-03 5.911501870240127784e-03
1.172900861493422875e+00 9.473906689266939352e-03 2.459746531971343519e-02 -1.051834092000722767e-02
9.698288487929645693e-03 9.903027362281615620e-01 -6.178626700787116267e-03 6.198393054253824482e-03
1.175053462427866569e+00 9.473664048544383487e-03 7.403228213075327760e-03 -1.051034729397432033e-02
9.683020637033391831e-03 9.903179264613597432e-01 -6.499607015545230161e-03 6.517737907009341775e-03
1.175634402241583665e+00 9.475520073938105067e-03 -9.736081074938816166e-03 -1.045812527566421062e-02
9.666190392534289647e-03 9.903346704545529233e-01 -6.850364541404761580e-03 6.866693114997736262e-03
1.174649556492715741e+00 9.479351754787958273e-03 -2.665080397758259542e-02 -1.036481350934692104e-02
9.647947247197349863e-03 9.903528192521815487e-01 -7.227784485718360616e-03 7.242155152009969836e-03
1.172118753609528552e+00 9.484974210710065898e-03 -4.318535744376134772e-02 -1.023475700409607822e-02
9.628453200115034277e-03 9.903722114285303801e-01 -7.628517867592985759e-03 7.640787083528183081e-03
1.168074695452562706e+00 9.492141189655694741e-03 -5.919870351918601892e-02 -1.007355700139543793e-02
9.607881320442331063e-03 9.903926745769471296e-01 -8.049010864407075971e-03 8.059048986359297270e-03
1.162561937781116272e+00 9.500569316370745948e-03 -7.456391892043352787e-02 -9.887503010858172611e-03
9.586414196026512430e-03 9.904140268114307588e-01 -8.485537293264410613e-03 8.493228912175571424e-03
1.155635975654860204e+00 9.509943760652566844e-03 -8.916723708888624200e-02 -9.683501726134800466e-03
9.564242331818869833e-03 9.904360783968665372e-01 -8.934229965100449339e-03 8.939476085093042007e-03
1.147362446136463543e+00 9.519938305902031495e-03 -1.029068902768303928e-01 -9.468558932735054307e-03
9.541562441738362862e-03 9.904586334410848680e-01 -9.391116372122908576e-03 9.393834178182593891e-03
1.137816435671202608e+00 9.530219456808240036e-03 -1.156919701342414009e-01 -9.249792447899493272e-03
9.518575715362206577e-03 9.904814917023777587e-01 -9.852152281080640839e-03 9.852279412005875842e-03
1.127081863991605593e+00 9.540455475421904738e-03 -1.274414371954755432e-01 -9.034227343395912976e-03
1.000000000000000021e-02 9.899999999999999911e-01 -9.863111744055994695e-03 9.863111743398697562e-03
1.121632457547568018e+00 1.000000000000000021e-02 -1.170884359076845155e-01 -9.156266029771743808e-03
