4.000000000000000222e-01 4.000000000000000222e-01 -9.232909151807300319e-02 9.232909151807300319e-02
1.000000000000000000e+00 4.000000000000000222e-01 -1.188893871861928644e-17 -2.987832164513452571e-01
3.912028542050149382e-01 4.100804359217526951e-01 -8.105159123028560231e-02 1.109626393408502665e-01
9.995854656217814105e-01 3.705253997249256526e-01 -9.339754979392073109e-03 -2.877053037349773801e-01
3.835858381899238112e-01 4.218963459382623071e-01 -6.848353822225261567e-02 1.267006860122821266e-01
9.980559355662915744e-01 3.423130914204637332e-01 -2.280112703246378603e-02 -2.731022833548160667e-01
3.772558226354343902e-01 4.351572142049302538e-01 -5.516247965353660021e-02 1.395320072816730317e-01
9.950177789434755393e-01 3.156922810671176083e-01 -3.998867456958543620e-02 -2.555603389655519697e-01
3.722688451383318053e-01 4.495765409273240754e-01 -4.154895947433567827e-02 1.495578821134047054e-01
9.901235674264701192e-01 2.909303132147743054e-01 -6.036400315885537271e-02 -2.357271813354516743e-01
3.686387105763431205e-01 4.648821710606471092e-01 -2.800805953134810622e-02 1.569713060645128166e-01
9.830854439716123494e-01 2.682282001078413192e-01 -8.325884019895479771e-02 -2.142710800491498535e-01
3.663468341073539691e-01 4.808243629482619741e-01 -1.480476579523992697e-02 1.620321391157530933e-01
9.736870272283911776e-01 2.477200756653079594e-01 -1.078914944885323024e-01 -1.918459775797354272e-01
3.653521444260377504e-01 4.971813188137272355e-01 -2.108777923115479069e-03 1.650409309425504567e-01
9.617934193447887914e-01 2.294759330718888213e-01 -1.333902833258737708e-01 -1.690637237775072244e-01
3.656002368226641264e-01 5.137621020060620936e-01 9.995218291924956588e-03 1.663139096372279191e-01
9.473584826939409620e-01 2.135068712629107912e-01 -1.588286423943874315e-01 -1.464731913120020934e-01
3.670313858748244229e-01 5.304072299998746631e-01 2.149490494623984560e-02 1.661609849504253056e-01
9.304281069290650796e-01 1.997721325427179173e-01 -1.832753976464818191e-01 -1.245454781008403788e-01
3.695872382669941891e-01 5.469872058402233117e-01 3.243717618117702983e-02 1.648678817564586119e-01
9.111379742095347956e-01 1.881874616144446621e-01 -2.058594043702344223e-01 -1.036644774778106015e-01
3.732162241834523497e-01 5.633995039587489373e-01 4.291556365138005091e-02 1.626827672365771527e-01
8.897046561433640255e-01 1.786341547253609552e-01 -2.258414784038487166e-01 -8.412221491962967868e-02
3.778777101753363898e-01 5.795643470740847736e-01 5.305854394038744815e-02 1.598071870875794609e-01
8.664098239260352718e-01 1.709683302793039428e-01 -2.426805320795977217e-01 -6.611870271081010664e-02
3.835450317372046669e-01 5.954197972449967180e-01 6.301876223635538565e-02 1.563907007992582088e-01
8.415787310288110890e-01 1.650300854434007813e-01 -2.560785192402825761e-01 -4.976616648291742884e-02
3.902074682268591443e-01 6.109164126124286831e-01 7.296278888707652399e-02 1.525284692854844693e-01
8.155555528627504991e-01 1.606519186278539679e-01 -2.659924990995599092e-01 -3.509719069191841179e-02
3.978711811347149241e-01 6.260117769652124853e-01 8.306092940529863355e-02 1.482610424291541662e-01
7.886790101450686929e-01 1.576662624817253278e-01 -2.726105551888180489e-01 -2.207612257928981414e-02
4.065591345055581396e-01 6.406650752855471698e-01 9.347643663976112904e-02 1.435757183768093803e-01
7.612616082694924069e-01 1.559117026317410060e-01 -2.762984159868087097e-01 -1.061252524747757775e-02
4.163098592037675072e-01 6.548318516845207382e-01 1.043533629577209076e-01 1.384090690115247213e-01
7.335748425664635475e-01 1.552378308930358330e-01 -2.775304261994071542e-01 -5.753074440451033666e-04
4.271749327892165327e-01 6.684590949060421616e-01 1.158022672406722187e-01 1.326504317777921216e-01
7.058413347768733859e-01 1.555086876707252597e-01 -2.768200543026844151e-01 8.193839877435049601e-03
4.392149220241589047e-01 6.814806928379726347e-01 1.278829622752830630e-01 1.261464302668158233e-01
6.782334227344826161e-01 1.566049300088634411e-01 -2.746617326597478037e-01 1.586880314652372448e-02
4.524934323916279255e-01 6.938134094076480185e-01 1.405837808457488514e-01 1.187067846311617991e-01
6.508768122275756518e-01 1.584249481379515490e-01 -2.714901167384653480e-01 2.262987330511889716e-02
4.670689698489362551e-01 7.053535188831875358e-01 1.537974386248142089e-01 1.101118290852687309e-01
6.238575160407208164e-01 1.608851745543491973e-01 -2.676574664753350596e-01 2.865727158005149100e-02
4.829842825881648927e-01 7.159743143973126278e-01 1.672947702313631879e-01 1.001222653465583257e-01
5.972303831153370490e-01 1.639198847247752833e-01 -2.634262522560604225e-01 3.412725627788271154e-02
5.002531094419548907e-01 7.255246848964341799e-01 1.806995687247958671e-01 8.849168534746931769e-02
5.710279059791898426e-01 1.674806894334762708e-01 -2.589726136002779011e-01 3.921044812796314893e-02
5.188446514368072471e-01 7.338291070907837499e-01 1.934706319595136392e-01 7.498223086183086750e-02
5.452683797015291933e-01 1.715359679407160443e-01 -2.543962653589471046e-01 4.407193259642339100e-02
5.386668633835433040e-01 7.406893571219690386e-01 2.049003011914130035e-01 5.938340239680650612e-02
5.199629514023590415e-01 1.760703700814608419e-01 -2.497333176920690789e-01 4.887264228384258224e-02
5.595507050482689815e-01 7.458882469097382062e-01 2.141411078321331374e-01 4.153339944190648225e-02
4.951213677203026298e-01 1.810844898071901077e-01 -2.449695271702911903e-01 5.377154814814599781e-02
5.812385938041126909e-01 7.491955471397165889e-01 2.202712094598324732e-01 2.134154497568374609e-02
4.707564444774326451e-01 1.865947869927442881e-01 -2.400524717199870040e-01 5.892820432659706675e-02
6.033811451084232225e-01 7.503761105422506184e-01 2.224025600489065724e-01 -1.190613295454223675e-03
4.468874087252971972e-01 1.926337848222113569e-01 -2.349019220353187887e-01 6.450518189732301622e-02
6.255462805142207872e-01 7.491999482328061122e-01 2.198220180951726554e-01 -2.595271324928871692e-02
4.235422942053991280e-01 1.992504521335458356e-01 -2.294182736700678404e-01 7.066987387643886009e-02
6.472428618616185014e-01 7.454536048536534176e-01 2.121379774136511465e-01 -5.271657822075725974e-02
4.007595863910536904e-01 2.065107545635779251e-01 -2.234892239362518129e-01 7.759511270327701382e-02
6.679579763687513161e-01 7.389519890274403036e-01 1.993923856163926089e-01 -8.113696573636142162e-02
3.785892620688299237e-01 2.144981806767780053e-01 -2.169951642816414505e-01 8.545792236011595655e-02
6.872026384879064143e-01 7.295496197717554754e-01 1.820999989618488080e-01 -1.107618988333003429e-01
3.570933341388957682e-01 2.233140326959774102e-01 -2.098138477749089681e-01 9.443562904928870516e-02
7.045578046980783826e-01 7.171504324836250888e-01 1.611972471407541185e-01 -1.410500161738714731e-01
3.363459559800300869e-01 2.330772109876962095e-01 -2.018248720335458213e-01 1.046984636869641161e-01
7.197118601725296383e-01 7.017156324074178553e-01 1.379136802363845060e-01 -1.713905701007656379e-01
3.164330570244657248e-01 2.439230390550320426e-01 -1.929144313288222445e-01 1.163977212115252513e-01
7.324832382720194435e-01 6.832695199475020686e-01 1.136034726428869490e-01 -2.011220112882461386e-01
2.974515041902774937e-01 2.560007405289195237e-01 -1.829804866064488333e-01 1.296486210923541993e-01
7.428259206572059847e-01 6.619036344944994044e-01 8.958088289559573703e-02 -2.295473592699159848e-01
2.795077013873092930e-01 2.694689223444384774e-01 -1.719382554214721193e-01 1.445072477963826874e-01
7.508196639072949319e-01 6.377794655329551698e-01 6.699189558645457510e-02 -2.559481787553496979e-01
2.627156704015555233e-01 2.844885448893734181e-01 -1.597255332302927044e-01 1.609415515302359267e-01
7.566492565749749488e-01 6.111297259935368764e-01 4.673493961271368846e-02 -2.796020529653719944e-01
2.471945689376397470e-01 3.012127616079913750e-01 -1.463071259907855470e-01 1.787975736355917888e-01
7.605777234446640112e-01 5.822577361966386755e-01 2.942729828564472072e-02 -2.998095163207759040e-01
2.330658826831885078e-01 3.197733107136859765e-01 -1.316776142776254765e-01 1.977638218464417008e-01
7.629176787013635108e-01 5.515336219465860612e-01 1.540559029303278926e-02 -3.159346589811512507e-01
2.204503551315305232e-01 3.402634585781083576e-01 -1.158618122970578312e-01 2.173395262788924143e-01
7.640037573733979848e-01 5.193860413773385698e-01 4.748096244303057212e-03 -3.274586769467374703e-01
2.094650201543221124e-01 3.627182011494696767e-01 -9.891283982155218979e-02 2.368154628784591154e-01
7.641679714841390636e-01 4.862883654816908541e-01 -2.690378621272859760e-03 -3.340392129465297177e-01
2.002204664390763167e-01 3.870934579268885400e-01 -8.090824805268015396e-02 2.552789766380181291e-01
7.637189745202609403e-01 4.527391700553812237e-01 -7.236957781306396775e-03 -3.355626188019864009e-01
1.928185622578862946e-01 4.132470998078384139e-01 -6.194539365483864302e-02 2.716551934442423821e-01
7.629257623517287090e-01 4.192382649747304901e-01 -9.356115077997773088e-03 -3.321742590538245832e-01
1.873506171325012015e-01 4.409258348240746583e-01 -4.213753956178178939e-02 2.847926113755394617e-01
7.620059772253524599e-01 3.862608846684362218e-01 -9.604919115266397078e-03 -3.242754718982276962e-01
1.838958520956641418e-01 4.697623343518291250e-01 -2.161222973501297773e-02 2.935910811477371318e-01
7.611186762892162561e-01 3.542335876898596303e-01 -8.590955623537926966e-03 -3.124842569432809136e-01
1.825199618497730381e-01 4.992862719547978556e-01 -5.129364433198446704e-04 2.971549243058202450e-01
7.603611397555080087e-01 3.235153157032208404e-01 -6.935773190584054726e-03 -2.975668734557426198e-01
1.832733521189826853e-01 5.289506426476919820e-01 2.099598951643688594e-02 2.949390724912848150e-01
7.597690168188611093e-01 2.943856629676530057e-01 -5.246146466677745202e-03 -2.803547894927784778e-01
1.861888347242616759e-01 5.581710690458343560e-01 4.272207094341284872e-02 2.868493470531419121e-01
7.593189323869856677e-01 2.670417041246512246e-01 -4.094268454216815067e-03 -2.616639409734785038e-01
1.912785857264061862e-01 5.863723864008154596e-01 6.443743830186754451e-02 2.732666243981940468e-01
7.589326439779213729e-01 2.416020110189827375e-01 -4.006632687517802660e-03 -2.422294272374234669e-01
1.985304834589562972e-01 6.130342716950348825e-01 8.587436167717399371e-02 2.549868800827415072e-01
7.584819311069365133e-01 2.181165819418988405e-01 -5.460034085882220500e-03 -2.226631456032348855e-01
2.079042454230476678e-01 6.377282232543030061e-01 1.067268212140426442e-01 2.330954206944402252e-01
7.577936123157179571e-01 1.965798613678464146e-01 -8.882237991338429173e-03 -2.034347390397414634e-01
2.193280197898532791e-01 6.601405095118525468e-01 1.266605385852326293e-01 2.088114091566839470e-01
7.566543616977249309e-01 1.769450262541024943e-01 -1.465434331477874497e-02 -1.848722683511598575e-01
2.326963491281018037e-01 6.800797056100054139e-01 1.453325422853812832e-01 1.833406471571374929e-01
7.548153057016797618e-01 1.591375725542390485e-01 -2.311164663511625084e-02 -1.671764727709940113e-01
2.478703764910190344e-01 6.974707129991604138e-01 1.624188381427194017e-01 1.577633831767455419e-01
7.519967013201237505e-01 1.430671590075598132e-01 -3.453968569185408843e-02 -1.504426774896934493e-01
2.646809799143132191e-01 7.123392514873139181e-01 1.776460986299688294e-01 1.329674111927303670e-01
7.478933283835118573e-01 1.286371006093676717e-01 -4.916202581356846069e-02 -1.346854510346322253e-01
2.829349758400028225e-01 7.247913329413433470e-01 1.908212085288685245e-01 1.096230845126777709e-01
7.421815597861636249e-01 1.157515028826139186e-01 -6.711632524920851939e-02 -1.198628202768448059e-01
3.024239335325118461e-01 7.349915375737279266e-01 2.018520768518050623e-01 8.818942745514313231e-02
7.345294044754614449e-01 1.043199701718627165e-01 -8.841565512715532371e-02 -1.058979500600382151e-01
3.229345397074429025e-01 7.431426927216272516e-01 2.107548292482053220e-01 6.893900904997307677e-02
7.246110500113246422e-01 9.426033889252280473e-02 -1.128936564856464209e-01 -9.269763051166640677e-02
3.442590738904678926e-01 7.494684454088006431e-01 2.176459705238720233e-01 5.199120649973520969e-02
7.121274224992044655e-01 8.549966051986324089e-02 -1.401360570059753674e-01 -8.016731784226543978e-02
3.662045877660443094e-01 7.541992837031734620e-01 2.227219175615635649e-01 3.734664873883408731e-02
6.968337594406662783e-01 7.797385444711983638e-02 -1.694084635637041480e-01 -6.822298424455364163e-02
3.885997499710706626e-01 7.575619203170644855e-01 2.262310159276137433e-01 2.491863024256524284e-02
6.785737734201487958e-01 7.162629093088500321e-02 -1.996014907853366216e-01 -5.679993186815529560e-02
4.112988332181915507e-01 7.597716644338033953e-01 2.284440184935343510e-01 1.455957662072071557e-02
6.573173935615026497e-01 6.640561971313585499e-02 -2.292263916051431871e-01 -4.585864508705600473e-02
4.341828862787945331e-01 7.610272214699784765e-01 2.296280260452587818e-01 6.082108816585218847e-03
6.331955292536847191e-01 6.226315941684393979e-02 -2.564996003321523554e-01 -3.538751767659387149e-02
4.571585797558911923e-01 7.615074255748730536e-01 2.300269663149667743e-01 -7.249453051749732424e-04
6.065218713885118795e-01 5.915017016535636246e-02 -2.795410611305254589e-01 -2.540209880289023836e-02
4.801554261483446662e-01 7.613693810810393536e-01 2.298495208330475492e-01 -6.084841915054983730e-03
5.777907750614503790e-01 5.701534767620002053e-02 -2.966708206597612474e-01 -1.594057530418524493e-02
5.031220755455466653e-01 7.607476390892942142e-01 2.292638379697287121e-01 -1.022465302702446621e-02
5.476440499106469684e-01 5.580295613902132995e-02 -3.067314484021116394e-01 -7.055702095498661564e-03
5.260222917674104437e-01 7.597540842666202776e-01 2.283974448388792489e-01 -1.336965377990440018e-02
5.168084748110454152e-01 5.545186428567377979e-02 -3.093248813288568266e-01 1.195832512873584719e-03
5.488310723415057435e-01 7.584783004032875642e-01 2.273405103683789896e-01 -1.573974110075093691e-02
4.860166301198587391e-01 5.589569602231442280e-02 -3.048690905369660920e-01 8.764702276453650853e-03
5.715311645176780475e-01 7.569882047382008317e-01 2.261507338202628503e-01 -1.754739187981302351e-02
4.559303168558909714e-01 5.706403823711478362e-02 -2.944548127895019185e-01 1.561862411798842221e-02
5.941100596261329470e-01 7.553308464999933802e-01 2.248585274922110244e-01 -1.899679202832516012e-02
4.270842078179581391e-01 5.888445001740248708e-02 -2.795691557526402971e-01 2.174859015796615225e-02
6.165574904393508193e-01 7.535332227452810061e-01 2.234715102550355326e-01 -2.028389668035091020e-02
3.998587023784785921e-01 6.128490804826130373e-02 -2.617948665004088404e-01 2.717096934078122583e-02
6.388632948908887776e-01 7.516031039909325528e-01 2.219777821138579910e-01 -2.159716501470843042e-02
3.744805604093273677e-01 6.419626510128226271e-02 -2.425748323615223301e-01 3.192602723682547161e-02
6.610155517535469816e-01 7.495297018456450466e-01 2.203476385659319803e-01 -2.311877887739566262e-02
3.510429703309612681e-01 6.755445581752297923e-02 -2.230792969497991107e-01 3.607417856012901103e-02
6.829987872899877521e-01 7.472842319807362355e-01 2.185337888635507930e-01 -2.502605975923666293e-02
3.295349419791763212e-01 7.130226783716993311e-02 -2.041667165695454367e-01 3.969135811947993586e-02
7.047921654112225820e-01 7.448203290805106569e-01 2.164702876741864124e-01 -2.749282328184943225e-02
3.098718686913026210e-01 7.539066048590944980e-02 -1.864067861317986186e-01 4.286455295050839442e-02
7.263674922963624381e-01 7.420743447365494294e-01 2.140706475139975140e-01 -3.069029061442130057e-02
2.919223905717230894e-01 7.977966355392451803e-02 -1.701331603350467181e-01 4.568804702360235170e-02
7.476870459236626409e-01 7.389655761817561785e-01 2.112257932243566394e-01 -3.478720235483567791e-02
2.755295910006356208e-01 8.443895424123673554e-02 -1.555026558274982817e-01 4.826056458281935413e-02
7.687011904453185940e-01 7.353965387414002075e-01 2.078027516311253819e-01 -3.994866691614529230e-02
2.605264578307714962e-01 8.934818841920019739e-02 -1.425483030824750696e-01 5.068326382803162167e-02
7.893459375621223462e-01 7.312534291255416985e-01 2.036451248049742091e-01 -4.633331999320811079e-02
2.467464586748726596e-01 9.449716780064212895e-02 -1.312214356601754117e-01 5.305845612261356203e-02
8.095406764224575280e-01 7.264069599750634376e-01 1.985764725154215427e-01 -5.408836323966825788e-02
2.340303656751593908e-01 9.988591179742903337e-02 -1.214225064053581216e-01 5.548891916784537415e-02
8.291863985080998312e-01 7.207138034349412914e-01 1.924076669587715394e-01 -6.334212480224588049e-02
2.222304008513637519e-01 1.055246883728128277e-01 -1.130223331131594011e-01 5.807769599183026932e-02
8.481648673056451093e-01 7.140189045445795024e-01 1.849489613403587640e-01 -7.419397012042860950e-02
2.112125650189075055e-01 1.114340374410074386e-01 -1.058760288868282329e-01 6.092829379217290509e-02
8.663392171530605035e-01 7.061588922645962718e-01 1.760268774630979749e-01 -8.670167717800270069e-02
2.008578037397306115e-01 1.176448384295073341e-01 -9.983173423089991561e-02 6.414522898783026061e-02
8.835564565875604348e-01 6.969669112522545174e-01 1.655052142418567129e-01 -1.008667955618158807e-01
1.910624535112175060e-01 1.241984389960176377e-01 -9.473586947382484080e-02 6.783485504129743715e-02
8.996521849979070007e-01 6.862789058919919194e-01 1.533082813337527384e-01 -1.166190542883915882e-01
1.817382579392410047e-01 1.311468792367868064e-01 -9.043619688883786090e-02 7.210641323179139972e-02
9.144577107740561317e-01 6.739414819592870476e-01 1.394436444854263435e-01 -1.338015159432770496e-01
1.728121390200832719e-01 1.385532271811005245e-01 -8.678361528707823069e-02 7.707321768475605683e-02
9.278092959299329978e-01 6.598211509694640320e-01 1.240210442954303716e-01 -1.521586536490371344e-01
1.642258198511047373e-01 1.464920368476610446e-01 -8.363330793268591856e-02 8.285384971162823575e-02
9.395590751483249292e-01 6.438145437728827192e-01 1.072642269034362883e-01 -1.713300201156009450e-01
1.559353439707878985e-01 1.550499157632537206e-01 -8.084564105149960600e-02 8.957317215382842868e-02
9.495867702473730354e-01 6.258589269199735794e-01 8.951328869799546339e-02 -1.908521220991832301e-01
1.479105095387045765e-01 1.643261812670259447e-01 -7.828704221609500413e-02 9.736289598855085714e-02
9.578111652515238772e-01 6.059420889837282553e-01 7.121648668700908402e-02 -2.101706734619623873e-01
1.401342121576882038e-01 1.744335426004546274e-01 -7.583095982654358691e-02 1.063613067169011384e-01
9.642003323761426659e-01 5.841105306928193741e-01 5.291200685583752339e-02 -2.286643701575330478e-01
1.326016869649650765e-01 1.854987015838787667e-01 -7.335891309689923645e-02 1.167115976962243562e-01
9.687795832284374908e-01 5.604748074280404557e-01 3.520147597718681354e-02 -2.456795987794413438e-01
1.253196463576085329e-01 1.976627130347701766e-01 -7.076157434136864932e-02 1.285580581000117517e-01
9.716364321985009322e-01 5.352110258309583646e-01 1.871780197851280469e-02 -2.605735178323742574e-01
1.183053112317252603e-01 2.110808341140180677e-01 -6.793977835005404753e-02 1.420391019212041694e-01
9.729221312143289113e-01 5.085577862812469263e-01 4.090248112431638106e-03 -2.727609272890063608e-01
1.115853485832921377e-01 2.259215278889609713e-01 -6.480531837375902438e-02 1.572758894733544688e-01
9.728496198123245398e-01 4.808085022380604867e-01 -8.090260801563164961e-03 -2.817588840020590624e-01
1.051947438241712524e-01 2.423640839879538378e-01 -6.128138579919450990e-02 1.743550437985352808e-01
9.716880631623281417e-01 4.522995968239186815e-01 -1.730281593004256990e-02 -2.872228123777798015e-01
9.917564990126528923e-02 2.605942492468922289e-01 -5.730249928205533028e-02 1.933039812038184202e-01
9.697544140359779519e-01 4.233955513680975891e-01 -2.312277116653382869e-02 -2.889690445331827284e-01
9.357626957465919881e-02 2.807970473430292935e-01 -5.281380008499703127e-02 2.140577215117150933e-01
9.674026767129981774e-01 3.944722646692736534e-01 -2.524065540084052817e-02 -2.869811484111639555e-01
8.844983792571348147e-02 3.031459503911917430e-01 -4.776961706406956942e-02 2.364172441773892963e-01
9.650116857787338631e-01 3.659005701326772386e-01 -2.347269702565601968e-02 -2.814005114083056869e-01
8.385377818376517356e-02 3.277876258863978154e-01 -4.213126607137407387e-02 2.600018455742314494e-01
9.629722708859985714e-01 3.380311401966034079e-01 -1.776326215806312003e-02 -2.725042826598467194e-01
7.984911186029812480e-02 3.548218928284436746e-01 -3.586412738142141787e-02 2.842019907467463469e-01
9.616745796253377554e-01 3.111819581138670077e-01 -8.180633239828621894e-03 -2.606754074502108942e-01
7.650018600873580155e-02 3.842773511715484314e-01 -2.893414446057673839e-02 3.081446961639838777e-01
9.614961194200329908e-01 2.856290123720289231e-01 5.091391188207297636e-03 -2.463697788897701579e-01
7.387475891505389247e-02 4.160846294138966228e-01 -2.130399437763608184e-02 3.306893231400098720e-01
9.627908072101385439e-01 2.616002453982737563e-01 2.176316274199105449e-02 -2.300845897574427257e-01
7.204447524705497041e-02 4.500510847588948815e-01 -1.292931936860974851e-02 3.504746076080783590e-01
9.658790217511022957e-01 2.392726150126345819e-01 4.144759705327488719e-02 -2.123305917868870130e-01
7.108569728018293565e-02 4.858427474952244918e-01 -3.755506610553238644e-03 3.660331339624955937e-01
9.710384410551974321e-01 2.187717128905570518e-01 6.366602349310024334e-02 -1.936093710960123948e-01
7.108061068107227043e-02 5.229804170560568011e-01 6.284437225820282968e-03 3.759730977919567563e-01
9.784953970100884746e-01 2.001735438914351850e-01 8.785205157790798580e-02 -1.743957525734279868e-01
7.211848335583981306e-02 5.608557388881567629e-01 1.727033502492425487e-02 3.792000986616028690e-01
9.884166213841195647e-01 1.835078411429187928e-01 1.133562535175075547e-01 -1.551246230357961053e-01
7.429688447868101897e-02 5.987692955667957007e-01 2.929305354705535880e-02 3.751242744209903890e-01
1.000901628202566007e+00 1.687626680336875018e-01 1.394563202035403737e-01 -1.361814530240201826e-01
7.772262075170698059e-02 6.359867047597707046e-01 4.244989925718256618e-02 3.637875760614112108e-01
1.015976468745195316e+00 1.558896711193736573e-01 1.653781551667898864e-01 -1.178955398150466349e-01
8.251208945157277597e-02 6.718028064919649989e-01 5.683653107185770992e-02 3.458651462902306850e-01
1.033590106121567764e+00 1.448100965563832443e-01 1.903319091708932653e-01 -1.005357488301217295e-01
8.879067001500132172e-02 7.056009094328105080e-01 7.253455017001975147e-02 3.225387847517052764e-01
1.053614914729264607e+00 1.354209906979654543e-01 2.135633012569776445e-01 -8.430827422474529431e-02
9.669069205800755185e-02 7.368957776097528889e-01 8.959393977756024974e-02 2.952862087450547346e-01
1.075852641536759746e+00 1.276015736547028989e-01 2.344147718193190233e-01 -6.935657412623918994e-02
1.063474389895169292e-01 7.653544335130634257e-01 1.080099366491255042e-01 2.656525587528546506e-01
1.100046374250024828e+00 1.212194588682825730e-01 2.523854823535676140e-01 -5.576352211239532508e-02
1.178926700014255591e-01 7.907953018169890935e-01 1.276951035675266688e-01 2.350622546644365318e-01
1.125897881858165750e+00 1.161365949386764795e-01 2.671764086081829248e-01 -4.355587048324172095e-02
1.314452629204854728e-01 8.131711106138165279e-01 1.484495070550040374e-01 2.047011986409941198e-01
1.153088388063145064e+00 1.122145835756028498e-01 2.787089722032509709e-01 -3.271078644062619389e-02
1.470990198218173339e-01 8.325427333332221513e-01 1.699348753034235493e-01 1.754701120793011881e-01
1.181299928135619348e+00 1.093192976692667628e-01 2.871123303757605605e-01 -2.316406374006096947e-02
1.649083569005821148e-01 8.490505381945977481e-01 1.916616924474423556e-01 1.479915174192047989e-01
1.210234321660478063e+00 1.073246069459080909e-01 2.926831300584242790e-01 -1.481925317181609358e-02
1.848735636154712203e-01 8.628877528098923833e-01 2.129998212304501370e-01 1.226477025998568005e-01
1.239627429032365225e+00 1.061151746729721984e-01 2.958282865721251209e-01 -7.556865258551148656e-03
2.069283417379022272e-01 8.742781883935171194e-01 2.332213244488762216e-01 9.963042345989547854e-02
1.269257558507845607e+00 1.055883697142884631e-01 2.970038280106224171e-01 -1.242811804857968383e-03
2.309329090462413636e-01 8.834589762556905868e-01 2.515768680912133792e-01 7.898982806210652630e-02
1.298948068795915622e+00 1.056553755589691029e-01 2.966609371247985738e-01 4.264553377097968223e-03
2.566756551658373464e-01 8.906679794102181358e-01 2.673952556406927750e-01 6.067637925259716791e-02
1.328565187239156176e+00 1.062416842299979958e-01 2.952058315089378659e-01 9.109175327232099662e-03
2.838848291946717839e-01 8.961351078419287353e-01 2.801836756372716453e-01 4.457397607092461467e-02
1.358012499439255949e+00 1.072871468981707321e-01 2.929753455394035200e-01 1.343393191827191302e-02
3.122492557833968507e-01 9.000766176524770401e-01 2.897009889219620549e-01 3.052493739892636615e-02
1.387223607809799031e+00 1.087457835520223709e-01 2.902265282787863665e-01 1.737906256404908589e-02
3.414445115926911245e-01 9.026917054571997889e-01 2.959827129916936528e-01 1.834834682454267174e-02
1.416154214537739930e+00 1.105854873655876813e-01 2.871367739930297258e-01 2.108215861953977033e-02
3.711594736297922914e-01 9.041607274017113838e-01 2.993123644715739440e-01 7.853343848493454793e-03
1.444774502540046024e+00 1.127878038203109778e-01 2.838106194780198877e-01 2.467942808448420067e-02
4.011183252525183929e-01 9.046446229083330293e-01 3.001515864343301532e-01 -1.151464919940670129e-03
1.473062340596221098e+00 1.153478872154997115e-01 2.802898802015119095e-01 2.830794022454230507e-02
4.310948143759347762e-01 9.042851641795348616e-01 2.990521323926326192e-01 -8.851663063982884161e-03
1.500997534324594485e+00 1.182747056605108760e-01 2.765646935666554729e-01 3.210856275304152518e-02
4.609178785864437855e-01 9.032057535901807377e-01 2.965728197433514790e-01 -1.542319363542765664e-02
1.528557148828909806e+00 1.215915716892500831e-01 2.725839579956201852e-01 3.622932432181813489e-02
4.904697800633228133e-01 9.015125006736268709e-01 2.932167370555543995e-01 -2.103059684732677681e-02
1.555711796450801376e+00 1.253370069430917444e-01 2.682644859065830278e-01 4.082891772241858952e-02
5.196790149699382910e-01 8.992954219935349602e-01 2.893940063680017216e-01 -2.582687854899012869e-02
1.582422776444969870e+00 1.295659627803722180e-01 2.634988049386721709e-01 4.608004778444696470e-02
5.485104654733431451e-01 8.966295861322016725e-01 2.854076665975702198e-01 -2.995456634645454752e-02
1.608639920996749684e+00 1.343513396694502593e-01 2.581620323002797868e-01 5.217224617604099279e-02
5.769548423491562827e-01 8.935761224109222134e-01 2.814564210498055052e-01 -3.354752334434885075e-02
1.634300116616475229e+00 1.397857770857858228e-01 2.521184864351377897e-01 5.931372268688783755e-02
6.050188364721850176e-01 8.901830054857585717e-01 2.776473697688186526e-01 -3.673317008900944813e-02
1.659326469028766349e+00 1.459835260419647396e-01 2.452288482349129772e-01 6.773163944637228262e-02
6.327167230391369523e-01 8.864856245790214695e-01 2.740130762637904560e-01 -3.963482610863655609e-02
1.683628248735027366e+00 1.530822853501776493e-01 2.373584614134838233e-01 7.767009917863942903e-02
6.600636844515574975e-01 8.825070969751575012e-01 2.705290563925766278e-01 -4.237400170678529143e-02
1.707101704870501280e+00 1.612446664983857580e-01 2.283870616306971080e-01 8.938484139311975163e-02
6.870708110777694611e-01 8.782583635366478791e-01 2.671294061333540082e-01 -4.507253443045144969e-02
1.729631912800419835e+00 1.706590213063203521e-01 2.182195262476205322e-01 1.031334694381880190e-01
7.137415238516794380e-01 8.737380826063829709e-01 2.637194966847999922e-01 -4.785450709657301793e-02
1.751095730809699713e+00 1.815389563445206911e-01 2.067966334735882317e-01 1.191595899174835438e-01
7.400691117510690420e-01 8.689323207057731979e-01 2.601854615681686855e-01 -5.084791092693774495e-02
1.771365782609397810e+00 1.941210427746343226e-01 1.941040597246146415e-01 1.376690975732342004e-01
7.660350908135742376e-01 8.638141017563872870e-01 2.564007256233846732e-01 -5.418597894338295085e-02
1.790315218370377881e+00 2.086597399411419806e-01 1.801776471042904060e-01 1.587965452500006425e-01
7.916080949859795046e-01 8.583428490659006371e-01 2.522301553349592940e-01 -5.800806471972785872e-02
1.807822821010030223e+00 2.254185263434496655e-01 1.651031443471173699e-01 1.825598804384986895e-01
8.167430844587871830e-01 8.524637386294000585e-01 2.475326100481733960e-01 -6.245988603062468947e-02
1.823777830241908537e+00 2.446560680964446344e-01 1.490095304229610562e-01 2.088029767491339506e-01
8.413807841418947664e-01 8.461070852400618403e-01 2.421628262638808593e-01 -6.769286151758757697e-02
1.838083858788108316e+00 2.666062009150962919e-01 1.320563698913035378e-01 2.371282213191328037e-01
8.654472986229725384e-01 8.391878236482210873e-01 2.359736183607519244e-01 -7.386220837041213017e-02
1.850661352866578291e+00 2.914510981796918365e-01 1.144169826904073428e-01 2.668269796224365109e-01
8.888539921612017558e-01 8.316052942192283526e-01 2.288193662880466661e-01 -8.112338442320399245e-02
1.861448269988058790e+00 3.192879829354418053e-01 9.626028418807663911e-02 2.968241046355513113e-01
9.114978145278156418e-01 8.232434058526066911e-01 2.205615185976728121e-01 -8.962650930449678199e-02
1.870398995301908895e+00 3.500916630621103143e-01 7.773450346262866795e-02 3.256626307165944034e-01
9.332622817465590082e-01 8.139715122271640180e-01 2.110766232805982856e-01 -9.950832212390903209e-02
1.877481766591169166e+00 3.836781439328132981e-01 5.895560144589251372e-02 3.515616451808811771e-01
9.540193966581482776e-01 8.036461863300125019e-01 2.002668448367050935e-01 -1.108814307697325585e-01
1.882675183602626312e+00 4.196780292564200598e-01 4.000207682805512199e-02 3.725756656594580996e-01
9.736327262373472013e-01 7.921141944470376783e-01 1.880724404858258314e-01 -1.238207548055758611e-01
1.885964485437324756e+00 4.575296166983723878e-01 2.091699558351423072e-02 3.868582570086542827e-01
9.919618178742255488e-01 7.792169440077107989e-01 1.744851152001014594e-01 -1.383474221190728048e-01
1.887338264165542068e+00 4.965013706762998469e-01 1.716284121766609161e-03 3.929878048015977843e-01
1.008867965083452223e+00 7.647966058203311546e-01 1.595608121081337760e-01 -1.544108496724649893e-01
1.886786216130768246e+00 5.357463561285077391e-01 -1.759824409808263823e-02 3.902657734720926808e-01
1.024221206565348430e+00 7.487040939548101903e-01 1.434304116761098147e-01 -1.718703310435443221e-01
1.884298284443365112e+00 5.743817940497183416e-01 -3.702343335382218825e-02 3.788819816878674640e-01
1.037908297808286973e+00 7.308087943957690680e-01 1.263069495105462181e-01 -1.904782590475551096e-01
1.879865347084104465e+00 6.115776439069529058e-01 -5.653936650459878699e-02 3.598796359909062215e-01
1.049841218419297117e+00 7.110098332296741486e-01 1.084884857088797006e-01 -2.098677733229636910e-01
1.873481361616296637e+00 6.466342335711809941e-01 -7.609608172406967519e-02 3.349317775624971461e-01
1.059965773068933803e+00 6.892482624049350859e-01 9.035617070871082568e-02 -2.295483294036115840e-01
1.865146679063607760e+00 6.790328953970534709e-01 -9.560400896987952812e-02 3.060138934335432381e-01
1.068269766207881055e+00 6.655192185976009922e-01 7.236746435781982179e-02 -2.489128417930419612e-01
1.854872139414637688e+00 7.084534992218560756e-01 -1.149295050378862371e-01 2.750818798198662041e-01
1.074790241398974278e+00 6.398828275468106952e-01 5.504461915092906388e-02 -2.672594513544734873e-01
1.842683377162699365e+00 7.347627586455294235e-01 -1.338966580041733856e-01 2.438357763444309878e-01
1.079619314306325961e+00 6.124722392721042574e-01 3.895841059475824153e-02 -2.838293781740053312e-01
1.828624683478061064e+00 7.579832267075732322e-01 -1.522960724129052146e-01 2.135973613814901029e-01
1.082908087190183055e+00 5.834972912506213305e-01 2.470713075623798272e-02 -2.978593508489585373e-01
1.812761749871200756e+00 7.782540699553994745e-01 -1.699004157570960238e-01 1.852864334773995925e-01
1.084868181180381086e+00 5.532424848774027959e-01 1.289098359655294068e-02 -3.086435043965496394e-01
1.795182679666522896e+00 7.957920404173710605e-01 -1.864849497323906036e-01 1.594612116274929381e-01
1.085770455679997859e+00 5.220586805849819489e-01 4.082588845114032416e-03 -3.155961554243691403e-01
1.775996859442728670e+00 8.108578358976885614e-01 -2.018499755535030360e-01 1.363884627979261577e-01
1.085940614090731948e+00 4.903487926852919676e-01 -1.204935119562822177e-03 -3.183050492818612076e-01
1.755331692808921762e+00 8.237299439226206665e-01 -2.158412188459080117e-01 1.161189546010354956e-01
1.085751560539568672e+00 4.585488752332305684e-01 -2.550102002826792891e-03 -3.165655883233427503e-01
1.733327524327982871e+00 8.346855608255602244e-01 -2.283642455795653614e-01 9.855510806414113922e-02
1.085612647647698381e+00 4.271066244084323893e-01 3.470139423749664387e-04 -3.103904456735432360e-01
1.710131442963635173e+00 8.439880365712303378e-01 -2.393906790368327542e-01 8.350537492388121485e-02
1.085956173315568485e+00 3.964600137674416658e-01 7.639051463875085046e-03 -2.999946470925995978e-01
1.685890824306631508e+00 8.518791273538034448e-01 -2.489556020293659522e-01 7.072517576103831694e-02
1.087221630113161419e+00 3.670181774107627581e-01 1.931072798107974497e-02 -2.857616209278254771e-01
1.660747415958504947e+00 8.585749297315485862e-01 -2.571477043210312896e-01 5.994603180861646230e-02
1.089838244722095340e+00 3.391460882496713514e-01 3.516312977423774466e-02 -2.681988810846608340e-01
1.634832574569031083e+00 8.642643466936659191e-01 -2.640948847040802683e-01 5.089529796567515696e-02
1.094206279240701907e+00 3.131539218781753120e-01 5.480226227677631456e-02 -2.478923394368115485e-01
1.608264002027475215e+00 8.691092517020990726e-01 -2.699483450489814640e-01 4.330875526259436725e-02
1.100677503717784500e+00 2.892908251127409569e-01 7.763207177102771084e-02 -2.254658563773104252e-01
1.581144013442653540e+00 8.732456468619119727e-01 -2.748676740105260308e-01 3.693795633599727957e-02
1.109535345286813079e+00 2.677424393317519025e-01 1.028545679321313244e-01 -2.015492171665578258e-01
1.553559183517122966e+00 8.767854605814866531e-01 -2.790084795284419883e-01 3.155375446345365376e-02
1.120975605190570601e+00 2.486313596014971816e-01 1.294830416498360393e-01 -1.767545524111735489e-01
1.525581102537649558e+00 8.798185183522835295e-01 -2.825129806240112007e-01 2.694716791373785725e-02
1.135089340590405005e+00 2.320198417033228766e-01 1.563771099902244721e-01 -1.516592073522171624e-01
1.497267955240226822e+00 8.824145503107245769e-01 -2.855032075685381976e-01 2.292837142023329555e-02
1.151850391332932766e+00 2.179139344265051959e-01 1.823081864429920707e-01 -1.267921985945164032e-01
1.468666724583205907e+00 8.846250260004542287e-01 -2.880758939206862213e-01 1.932445530331006189e-02
1.171110705973265054e+00 2.062690270979602447e-01 2.060580587097404770e-01 -1.026222599259662971e-01
1.439815872689136134e+00 8.864847102249217015e-01 -2.902980188630721603e-01 1.597641283851425342e-02
1.192606433663461196e+00 1.969965190556668411e-01 2.265419053980310959e-01 -7.954650371386207119e-02
1.410748496651226258e+00 8.880129313207723030e-01 -2.922021002972619019e-01 1.273572333010397628e-02
1.215976364556418776e+00 1.899716030933017163e-01 2.429333583360560045e-01 -5.788026905331755678e-02
1.381496011067048890e+00 8.892144579996179576e-01 -2.937806522669561549e-01 9.460847730236032760e-03
1.240791723928541090e+00 1.850418814297514480e-01 2.547607616254499163e-01 -3.784967842618280898e-02
1.352092436175399870e+00 8.900800602475121837e-01 -2.949797840434698060e-01 6.013891610395782905e-03
1.266593314493093203e+00 1.820365065646040448e-01 2.619471104088610947e-01 -1.958879026001114632e-02
1.322579372680526610e+00 8.905867410220480451e-01 -2.956925041833202705e-01 2.257702833713404189e-03
1.292929855409022721e+00 1.807753780362030827e-01 2.647823149383443653e-01 -3.142631065100598420e-03
1.293011626834153605e+00 8.906977065033828689e-01 -2.957530247614525987e-01 -1.946338309272155342e-03
1.319391139461345785e+00 1.810776795728130661e-01 2.638381397246369886e-01 1.152383335284445920e-02
1.263463315995174474e+00 8.903621572642940185e-01 -2.949340726678129077e-01 -6.739549911205511279e-03
1.345631329809906962e+00 1.827693015658168885e-01 2.598522100411004843e-01 2.451196026015400875e-02
1.234034045666399182e+00 8.895150200593203715e-01 -2.929498035160460478e-01 -1.226589514333187303e-02
1.371380566840855852e+00 1.856887290246542754e-01 2.536114163745328831e-01 3.597301421673360089e-02
1.204854461758150252e+00 8.880767504496889231e-01 -2.894671084774369518e-01 -1.867034115157761853e-02
1.396445796600986888e+00 1.896912637272287760e-01 2.458575696605291849e-01 4.609136411773406827e-02
1.176090243749909892e+00 8.859533779303243595e-01 -2.841275895879014080e-01 -2.609536326608763446e-02
1.420703544109944039e+00 1.946515718386211125e-01 2.372257477852024454e-01 5.506918797013038436e-02
1.147943395932663257e+00 8.830370157581978185e-01 -2.765809252250339689e-01 -3.467544244101228301e-02
1.444087897632253981e+00 2.004648820174311785e-01 2.282146322370171010e-01 6.311387352325725786e-02
1.120649764791286751e+00 8.792069710898005042e-01 -2.665276397327553948e-01 -4.452960830278462900e-02
1.466576602050694067e+00 2.070469971381720120e-01 2.191818484660601474e-01 7.042850183255899843e-02
1.094471977865576928e+00 8.743317193231013862e-01 -2.537659658310986721e-01 -5.575234467841694297e-02
1.488177414244344465e+00 2.143335914497810635e-01 2.103553179456929545e-01 7.720529920582364092e-02
1.069687747434517444e+00 8.682718260185849912e-01 -2.382345236154326251e-01 -6.840346793157703331e-02
1.508915971815865120e+00 2.222788227270746098e-01 2.018529301865690240e-01 8.362147570217803860e-02
1.046574313903422704e+00 8.608838740156098401e-01 -2.200415102245056875e-01 -8.249784481245692191e-02
1.528825756290534077e+00 2.308537660745877684e-01 1.937047829948801425e-01 8.983688157618296977e-02
1.025390703810156401e+00 8.520254027831015708e-01 -1.994730863957849820e-01 -9.799588304368334057e-02
1.547940266631156359e+00 2.400445700813012007e-01 1.858747351764222788e-01 9.599275090782510844e-02
1.006360086860524250e+00 8.415607248675704977e-01 -1.769785244829652493e-01 -1.147956316810416766e-01
1.566287245972431297e+00 2.498506549168471313e-01 1.782794575438950702e-01 1.022109997403375381e-01
9.896544591956835113e-01 8.293673470986646645e-01 -1.531357060654409130e-01 -1.327271610257474421e-01
1.583884686796515728e+00 2.602826967085688503e-01 1.708045422946224967e-01 1.085934594018123089e-01
9.753833560219878906e-01 8.153429393042267437e-01 -1.286054459731511557e-01 -1.515494244316156758e-01
1.600738317704423430e+00 2.713606019405953029e-01 1.633175683683762980e-01 1.152206611128303582e-01
9.635873464389351772e-01 7.994123768133052366e-01 -1.040845771550780174e-01 -1.709498745963711208e-01
1.616840276998865900e+00 2.831112932460886356e-01 1.556784973884284273e-01 1.221497389659875754e-01
9.542360886474432480e-01 7.815347421955620710e-01 -8.026593335472287372e-02 -1.905468790166370274e-01
1.632168714157988143e+00 2.955664128610735464e-01 1.477476933159360684e-01 1.294111869956648952e-01
9.472300593144623582e-01 7.617098826351006435e-01 -5.780922453409165218e-02 -2.098953306699929966e-01
1.646688132086249423e+00 3.087593445447040508e-01 1.393922684708726045e-01 1.370041069342908813e-01
9.424048500990219734e-01 7.399842838726190530e-01 -3.732258361827806015e-02 -2.284959530500160763e-01
1.660350273358019102e+00 3.227219622170633961e-01 1.304908496674306306e-01 1.448900577225020747e-01
9.395370371225089112e-01 7.164558264175620028e-01 -1.935151945587840205e-02 -2.458091008118029608e-01
1.673095433901691464e+00 3.374805505200335065e-01 1.209373924893064611e-01 1.529856000007101535e-01
9.383510539179418242e-01 6.912769853386551144e-01 -4.370980810804170336e-03 -2.612737875541410459e-01
1.684854141782869297e+00 3.530511151186369601e-01 1.106441864448526324e-01 1.611542663620957327e-01
9.385268843249072734e-01 6.646558831111569754e-01 7.223195054670977777e-03 -2.743324182229167629e-01
1.695549095023018982e+00 3.694336913615074991e-01 9.954463243977418330e-02 1.691989740051913493e-01
9.397087187269218544e-01 6.368547080194348897e-01 1.512550221790393001e-02 -2.844609143870871493e-01
1.705097377320595964e+00 3.866061168034442552e-01 8.759584035900047638e-02 1.768567422580358262e-01
9.415148390465296613e-01 6.081849614363650236e-01 1.913472769642099447e-02 -2.912029269802607345e-01
1.713412924782088176e+00 4.045173752452539961e-01 7.478143713990359487e-02 1.837979217642060625e-01
9.435489237375335181e-01 5.789992574890341359e-01 1.916895675004026689e-02 -2.942054749474620756e-01
1.720409318232149820e+00 4.230811023246314195e-01 6.111474932374294511e-02 1.896325484279648421e-01
9.454127429251628634e-01 5.496797205216753524e-01 1.527878782346669961e-02 -2.932520964740725766e-01
1.726002871974908093e+00 4.421701426515398103e-01 4.664242505419968765e-02 1.939260978467416408e-01
9.467199046777581284e-01 5.206232401336571280e-01 7.655517712812365261e-03 -2.882888252286885944e-01
1.730116123961434660e+00 4.616130603349172801e-01 3.144854713449385386e-02 1.962259438895164187e-01
9.471100135705747824e-01 4.922247402536226724e-01 -3.368419546762035921e-03 -2.794382617694879389e-01
1.732681747871631872e+00 4.811936929941182939e-01 1.565901844996497871e-02 1.960979157042408438e-01
9.462623789954872633e-01 4.648595401933126592e-01 -1.732859262679187218e-02 -2.669983498009009804e-01
1.733646878170922667e+00 5.006546750890943365e-01 -5.542989331419612142e-04 1.931698017654248645e-01
9.439082894064547702e-01 4.388665467997286962e-01 -3.364777512518402069e-02 -2.514246325024949158e-01
1.732977814146137829e+00 5.197054466795012484e-01 -1.697061973587876693e-02 1.871761430641272206e-01
9.398408908149674668e-01 4.145338416032896545e-01 -5.166453207611221288e-02 -2.332976186784907480e-01
1.730664933241342185e+00 5.380345114911941895e-01 -3.331972935755045384e-02 1.779969711901419060e-01
9.339218499788262129e-01 3.920880020198527216e-01 -7.066950163947538499e-02 -2.132794518563962960e-01
1.726727471719523566e+00 5.553250832418973326e-01 -4.928569514311975652e-02 1.656831970717198566e-01
9.260841510620370087e-01 3.716879190533310950e-01 -8.994692307640050899e-02 -1.920656510084883806e-01
1.721217707708110778e+00 5.712725916690819528e-01 -6.451662636769439629e-02 1.504635341736948462e-01
9.163307008531540454e-01 3.534234729634121441e-01 -1.088180694164275764e-01 -1.703380817646982237e-01
1.714223884435858158e+00 5.856021219232979691e-01 -7.864180979338941668e-02 1.327314999577389187e-01
9.047287306299559573e-01 3.373186360645650805e-01 -1.266826312115720832e-01 -1.487243700623586129e-01
1.705871147595532600e+00 5.980837778359502366e-01 -9.129621206943605571e-02 1.130151901437836948e-01
8.914003926558629054e-01 3.233382693943903097e-01 -1.430535228677531912e-01 -1.277673187527472720e-01
1.696319759808825989e+00 6.085445589836191438e-01 -1.021505836654168498e-01 9.193555324665814155e-02
8.765104113753761084e-01 3.113974393808489616e-01 -1.575808587991889276e-01 -1.079059210526422952e-01
1.685760298261368195e+00 6.168757684293788568e-01 -1.109429958040530906e-01 7.016053910069430799e-02
8.602519670936392693e-01 3.013721828627929922e-01 -1.700619079517129428e-01 -8.946779182783526352e-02
1.674405816604963126e+00 6.230359618116293463e-01 -1.175063202227266679e-01 4.836158350868258182e-02
8.428322481785613940e-01 2.931105745017669739e-01 -1.804360780371938588e-01 -7.267147086875702655e-02
1.662481642897385870e+00 6.270496895557207129e-01 -1.217857009960798820e-01 2.717716626049471174e-02
8.244590817958045159e-01 2.864432367119134626e-01 -1.887665269997840234e-01 -5.763623803917150568e-02
1.650214007797900173e+00 6.290030014608833930e-01 -1.238421541288614591e-01 7.185720449220944772e-03
8.053298210681014702e-01 2.811926429896655644e-01 -1.952122908946418711e-01 -4.439676599271580315e-02
1.637818874706389538e+00 6.290365851076843429e-01 -1.238414974180646055e-01 -1.111215280902300151e-02
7.856232056643513983e-01 2.771808198223599251e-01 -1.999960534612710283e-01 -3.292002799526461132e-02
1.625492372422975729e+00 6.273374652337185831e-01 -1.220315059488608078e-01 -2.730354516089494865e-02
7.654943910576880173e-01 2.742353742847720710e-01 -2.033725373315475871e-01 -2.312228798706517097e-02
1.613403792076227861e+00 6.241300114672446719e-01 -1.187127571938839665e-01 -4.106729816627519014e-02
7.450729419679438248e-01 2.721938603658610734e-01 -2.056014168083653004e-01 -1.488458950538174008e-02
1.601691500858271500e+00 6.196666885352802856e-01 -1.142092374770142804e-01 -5.217439928706379959e-02
7.244632277006202159e-01 2.709067012078985592e-01 -2.069269300908338494e-01 -8.065748860475174808e-03
1.590461610182628105e+00 6.142188856473680403e-01 -1.088437356286386937e-01 -6.048627045757148935e-02
7.037465420785479209e-01 2.702389490817357909e-01 -2.075647305838090872e-01 -2.512414144784091974e-03
1.579788801309258472e+00 6.080679996369469098e-01 -1.029207954417188375e-01 -6.595184415952859425e-02
6.829842264664114371e-01 2.700711927231628229e-01 -2.076952784757502002e-01 1.933855527103123251e-03
1.569718501115121789e+00 6.014968675971728018e-01 -9.671759542556612743e-02 -6.860370430766815630e-02
6.622212313733820688e-01 2.702998361487675694e-01 -2.074624164058458398e-01 5.432220277767907390e-03
1.560269694350274738e+00 5.947816113713755293e-01 -9.048127350835821758e-02 -6.855303197328410647e-02
6.414896516716480646e-01 2.708371057801560733e-01 -2.069754121702960248e-01 8.140496936259733474e-03
1.551437831470295903e+00 5.881840647829280622e-01 -8.443032369076508559e-02 -6.598292317389065076e-02
6.208119760076289406e-01 2.716108922073342535e-01 -2.063129906498817334e-01 1.021490590724649650e-02
1.543197522214168504e+00 5.819449785173056444e-01 -7.875754955144476099e-02 -6.113973415045048654e-02
6.002038984705820868e-01 2.725646484646390144e-01 -2.055280201654352545e-01 1.181113531284472273e-02
1.535504950417480696e+00 5.762781075153970978e-01 -7.363243422625620482e-02 -5.432233457502988472e-02
5.796766780729218915e-01 2.736574319587153359e-01 -2.046519108830913147e-01 1.308623251428109313e-02
1.528300142916817927e+00 5.713655263259852513e-01 -6.920183346498243182e-02 -4.586941119294474234e-02
5.592390952301057316e-01 2.748641685590020312e-01 -2.036980773501007036e-01 1.420087163139793773e-02
1.521509235112038061e+00 5.673542527814111613e-01 -6.558858656885435678e-02 -3.614536376456145561e-02
5.388991223739338920e-01 2.761761204299860162e-01 -2.026641432797959830e-01 1.532156581468546719e-02
1.515046998874303830e+00 5.643543044179596402e-01 -6.288853616337464203e-02 -2.552540230571498370e-02
5.186654468956064523e-01 2.776015664435262376e-01 -2.015327581206260987e-01 1.662242951616654807e-02
1.508819686888380751e+00 5.624382799681540979e-01 -6.116702875452739718e-02 -1.438076260851239851e-02
4.985489827941101959e-01 2.791666363973117071e-01 -2.002711184806438283e-01 1.828612974236198951e-02
1.502728210707619416e+00 5.616423941549972820e-01 -6.045611024296793090e-02 -3.064916383188620586e-03
4.785644651837892005e-01 2.809161708950262959e-01 -1.988294879781693503e-01 2.050371457340549597e-02
1.496671547947754366e+00 5.619687878859636054e-01 -6.075348442380335001e-02 8.098376975962384705e-03
4.587322429843570526e-01 2.829145056510300460e-01 -1.971391250382703575e-01 2.347300082777836749e-02
1.490550139676390717e+00 5.633889560194033086e-01 -6.202400471000402149e-02 1.882440561762344089e-02
4.390802952093063038e-01 2.852460253682519431e-01 -1.951101932171073194e-01 2.739524498918122219e-02
1.484269040699691899e+00 5.658479664134370424e-01 -6.420382765021104277e-02 2.887370164489366786e-02
4.196464328111541575e-01 2.880152987056899816e-01 -1.926303676430540790e-01 3.246982816645926917e-02
1.477740547599923904e+00 5.692691198725170487e-01 -6.720682832472846258e-02 3.805478879931323277e-02
4.004805981705135687e-01 2.913465843978959025e-01 -1.895649484051631362e-01 3.888665983664552073e-02
1.470886117762139955e+00 5.735587867611168233e-01 -7.093254760642819789e-02 4.622349780714074541e-02
3.816470569793424805e-01 2.953824493106478877e-01 -1.857593309728677866e-01 4.681603043427129407e-02
1.463637458850433282e+00 5.786109671522872144e-01 -7.527450963246140603e-02 5.327914247288401128e-02
3.632262309111859988e-01 3.002812953450325062e-01 -1.810445073024968821e-01 5.639565772708188263e-02
1.455936819160632778e+00 5.843113694159328686e-01 -8.012791199996094349e-02 5.915813183071660930e-02
3.453158428550842096e-01 3.062134349556404622e-01 -1.752460602466587858e-01 6.771479462569507390e-02
1.447736545688048215e+00 5.905407696304620924e-01 -8.539573201349348608e-02 6.382571328400477029e-02
3.280310006160378489e-01 3.133554748295009906e-01 -1.681964577199268618e-01 8.079558702633882206e-02
1.438998150676641608e+00 5.971774488714677309e-01 -9.099248459570885572e-02 6.726668600604002179e-02
3.115029528750096754e-01 3.218827556859306105e-01 -1.597497363559075012e-01 9.557231803875021470e-02
1.429691088873338289e+00 6.040987164904526585e-01 -9.684526250386404911e-02 6.947583072042240460e-02
2.958763107353001853e-01 3.319596859399364108e-01 -1.497968484531764233e-01 1.118700551777651597e-01
1.419791596237807818e+00 6.111814878144072871e-01 -1.028918311593574053e-01 7.044879871825893147e-02
2.813047834586053786e-01 3.437279963579933928e-01 -1.382793457516129365e-01 1.293852781511506400e-01
1.409281787927311624e+00 6.183019544163951275e-01 -1.090757885749416012e-01 7.017398499786775545e-02
2.679456502883159619e-01 3.572933171058269020e-01 -1.251988925102254235e-01 1.476725021570812757e-01
1.398149413939506314e+00 6.253345338535918341e-01 -1.153390618013894198e-01 6.862591048206745370e-02
2.559535308931208397e-01 3.727108023907377832e-01 -1.106207845880113894e-01 1.661419849752210354e-01
1.386388438839566195e+00 6.321502411718562531e-01 -1.216121318717289235e-01 6.576042878292387428e-02
2.454740493938838142e-01 3.899712154743841808e-01 -9.467070775925900961e-02 1.840743963643642900e-01
1.374000673006074535e+00 6.386146319437224772e-01 -1.278025744053112867e-01 6.151209449439809518e-02
2.366380693985756789e-01 4.089893144521433155e-01 -7.752557411311311597e-02 2.006574166685259897e-01
1.360998600792685975e+00 6.445857171821295362e-01 -1.337830011910456918e-01 5.579399502825266310e-02
2.295570318039270030e-01 4.295968459634655900e-01 -5.940048614788695502e-02 2.150462954653153957e-01
1.347409404841128699e+00 6.499118012497758778e-01 -1.393795046183976538e-01 4.850039361792291004e-02
2.243196765688952599e-01 4.515424382019946892e-01 -4.053449633584227385e-02 2.264450233921411204e-01
1.333280033416643251e+00 6.544298949428150047e-01 -1.443628318484324602e-01 3.951248941230778300e-02
2.209901618935294354e-01 4.745000725804304209e-01 -2.117759637099148051e-02 2.341978098813202180e-01
1.318682974988565793e+00 6.579647856062139644e-01 -1.484445804472711572e-01 2.870763728818337412e-02
2.196074071850520060e-01 4.980865588695148616e-01 -1.580430827874401700e-03 2.378742813211043305e-01
1.303722087051086165e+00 6.603291724321233014e-01 -1.512814148535435166e-01 1.597217098858738638e-02
2.201853819684210789e-01 5.218865820742374373e-01 1.801289574443476482e-02 2.373294221910682289e-01
1.288537556332749690e+00 6.613253290274140328e-01 -1.524903169014546478e-01 1.217688720689391602e-03
2.227139974480390472e-01 5.454822694306026287e-01 3.736968565842824219e-02 2.327232003634938096e-01
1.273308803408365719e+00 6.607484713040774338e-01 -1.516767745637914722e-01 -1.559981305243596239e-02
2.271604540341834733e-01 5.684828649577970960e-01 5.627229997945404349e-02 2.244942563650598188e-01
1.258253983496650408e+00 6.583921289820621192e-01 -1.484759044323435973e-01 -3.445926242268138040e-02
2.334709416303137330e-01 5.905502353500330370e-01 7.452184151712781812e-02 2.132942014398953035e-01
1.243624927812628345e+00 6.540555936540666249e-01 -1.426031923656978506e-01 -5.525426481634010401e-02
2.415727353596147098e-01 6.114167142683907263e-01 9.194241328003283087e-02 1.998985858370216917e-01
1.229696815903446261e+00 6.475532893800015621e-01 -1.339077789902498594e-01 -7.777587607976643724e-02
2.513767139463914946e-01 6.308938611910607230e-01 1.083860442438466798e-01 1.851142160738672438e-01
1.216752710269742410e+00 6.387255818752564096e-01 -1.224182188466760302e-01 -1.017012509485493155e-01
2.627803638732932878e-01 6.488723453191149737e-01 1.237375708632026949e-01 1.696995884301055746e-01
1.205064182210818791e+00 6.274503782946222463e-01 -1.083701579168705464e-01 -1.265907190184378805e-01
2.756712204721861736e-01 6.653147492147710729e-01 1.379185406089056265e-01 1.543084096333746658e-01
1.194870200997205201e+00 6.136545714334339374e-01 -9.220800822190566848e-02 -1.518950605572388923e-01
2.899306107554874834e-01 6.802437385954221982e-01 1.508891710119697471e-01 1.394587039321715238e-01
1.186357035556961037e+00 5.973242240394133207e-01 -7.455818364088262484e-02 -1.769735885198686631e-01
3.054374898860228726e-01 6.937280470672014809e-01 1.626477213259591714e-01 1.255243945869066735e-01
1.179641965508510637e+00 5.785124974147726196e-01 -5.617800541424244898e-02 -2.011223105696791080e-01
3.220720834433179469e-01 7.058683356542431175e-01 1.732271889889891447e-01 1.127434079845057724e-01
1.174762890252543102e+00 5.573444270810318235e-01 -3.788934380827280179e-02 -2.236104512942649336e-01
3.397191428500246357e-01 7.167842503153124545e-01 1.826897307669050896e-01 1.012357870588953546e-01
1.171674908199349607e+00 5.340177242855358442e-01 -2.050796745964311718e-02 -2.437228960178172699e-01
3.582705498092464969e-01 7.266035379249464743e-01 1.911196842244167193e-01 9.102633581614671954e-02
1.170253882696468128e+00 5.087992956592249927e-01 -4.778727191734333246e-03 -2.608055160897848612e-01
3.776272371913680925e-01 7.354534941990693575e-01 1.986161863032354091e-01 8.206771353463926388e-02
1.170306069955467487e+00 4.820171031395967809e-01 8.676442824623320504e-03 -2.743098824059542196e-01
3.977003908627377848e-01 7.434545618373029630e-01 2.052861876392086948e-01 7.426151821948723253e-02
1.171582280240169416e+00 4.540480244052822467e-01 1.939363962824569576e-02 -2.838332759380612913e-01
4.184119908860855497e-01 7.507160185138250785e-01 2.112386120536879908e-01 6.747599703982309904e-02
1.173794799077378936e+00 4.253017812269995757e-01 2.708452497696134387e-02 -2.891495244176922608e-01
4.396948422845717852e-01 7.573331933377678293e-01 2.165797746908615373e-01 6.155993640538648393e-02
1.176635270154448021e+00 3.962026099950947122e-01 3.163699833705346798e-02 -2.902263568967805574e-01
4.614921958406027480e-01 7.633859828901490285e-01 2.214100488229231445e-01 5.635277654930659352e-02
1.179791939259087208e+00 3.671697433681243017e-01 3.310170474703222343e-02 -2.872261110099805226e-01
4.837570636997725049e-01 7.689381758933632183e-01 2.258213060227221014e-01 5.169133851512519584e-02
1.182964958716525627e+00 3.385985400162827563e-01 3.166781543419150413e-02 -2.804888125495369477e-01
5.064513099428900045e-01 7.740373719450535095e-01 2.298946394571621532e-01 4.741364145049997703e-02
1.185878866348160532e+00 3.108439863506552991e-01 2.763223379016049863e-02 -2.704995126006845552e-01
5.295444619342847270e-01 7.787151420666245105e-01 2.336976785873023932e-01 4.336042166638853779e-02
1.188291782181502887e+00 2.842079278455589830e-01 2.136651923185378665e-02 -2.578444228172951935e-01
5.530122300336632879e-01 7.829872836483531273e-01 2.372809610878823250e-01 3.937488557773094477e-02
1.190001292355175044e+00 2.589309937409852158e-01 1.328533581930468888e-02 -2.431621437238261352e-01
5.768345908130867450e-01 7.868539871128590324e-01 2.406728898465826383e-01 3.530126770068253705e-02
1.190847345863572215e+00 2.351892450441845084e-01 3.819298286162654821e-03 -2.270963264686077787e-01
6.009932826052610810e-01 7.902998360076237683e-01 2.438730646939224478e-01 3.098271023765919452e-02
1.190712698105028666e+00 2.130955039757648495e-01 -6.606221072892777546e-03 -2.102552971268087378e-01
6.254685597072547898e-01 7.932935725356888845e-01 2.468440727584897409e-01 2.625896126928761731e-02
1.189521550066306776e+00 1.927041567501601715e-01 -1.758592766071612190e-02 -1.931816808295634680e-01
6.502350702520210968e-01 7.957876594244118751e-01 2.495022743721764247e-01 2.096437623153035723e-02
1.187237002203209268e+00 1.740186126449737303e-01 -2.874369686017841374e-02 -1.763332989632507286e-01
6.752567831815619037e-01 7.977176583179550473e-01 2.517086309071492334e-01 1.492673007766343041e-02
1.183857855532118641e+00 1.570002947322233500e-01 -3.973705540788116664e-02 -1.600746455505085153e-01
7.004810608969677110e-01 7.990015589218718572e-01 2.532613203598543805e-01 7.967350765247793731e-03
1.179415157270839565e+00 1.415780164196515367e-01 -5.025836613244474838e-02 -1.446769421170439329e-01
7.258321320147425038e-01 7.995392219581292093e-01 2.538925651246470849e-01 -9.686258739538544660e-05
1.173968764351900562e+00 1.276571181217136253e-01 -6.003386748484884627e-02 -1.303245595590113437e-01
7.512045273462950590e-01 7.992120951815363528e-01 2.532726338169699609e-01 -9.448986898474842633e-03
1.167604088052094147e+00 1.151277900367896900e-01 -6.882142131355017955e-02 -1.171254667125393167e-01
7.764573189741416082e-01 7.978835417519984929e-01 2.510241755258879603e-01 -2.026469623356286220e-02
1.160429118076525379e+00 1.038722088925496667e-01 -7.640749010839192890e-02 -1.051236711803113510e-01
8.014103278140715103e-01 7.954000293613814332e-01 2.467492396483750294e-01 -3.270165779487022029e-02
1.152571777270926301e+00 9.377040585792195682e-02 -8.260360054475335279e-02 -9.431217838119787533e-02
8.258435986637691073e-01 7.915935359152123096e-01 2.400694357716781635e-01 -4.688573088107439446e-02
1.144177647651783758e+00 8.470486072935169697e-02 -8.724240175119260532e-02 -8.464540576010731732e-02
8.495014052749264577e-01 7.862854766294934405e-01 2.306764617897305580e-01 -6.289450603727542166e-02
1.135408097248594261e+00 7.656387406442780041e-02 -9.017340691199263181e-02 -7.605035589729886025e-02
8.721015728993638527e-01 7.792923202840553731e-01 2.183863438871835871e-01 -8.073931051857941021e-02
1.126438824992141985e+00 6.924389035634825884e-02 -9.125856680492622219e-02 -6.843623457731054516e-02
8.933501223528272916e-01 7.704330179192196981e-01 2.031876467287196952e-01 -1.003473691849054994e-01
1.117458829665630482e+00 6.265093020920418920e-02 -9.036792832312415258e-02 -6.170239433972435350e-02
9.129601956295357867e-01 7.595381548916481096e-01 1.852731538569407643e-01 -1.215461734524470039e-01
1.108669775752598730e+00 5.670128189798709362e-02 -8.737574803008990587e-02 -5.574462926547299468e-02
9.306732384073531650e-01 7.464604213451869752e-01 1.650471697298150353e-01 -1.440522134181498881e-01
1.100285690741024558e+00 5.132164456725801099e-02 -8.215752206504334243e-02 -5.045999679513177294e-02
9.462798304858563991e-01 7.310859452509295142e-01 1.431063578333224839e-01 -1.674659302897119062e-01
1.092532883385111564e+00 4.644882381015349310e-02 -7.458847598416917801e-02 -4.575032480267325619e-02
9.596376058429205713e-01 7.133457774488078940e-01 1.201984699827907122e-01 -1.912743243168146812e-01
1.085649914871176014e+00 4.202914881976343997e-02 -6.454414272082271975e-02 -4.152467109204936724e-02
9.706843665613874572e-01 6.932267675401412310e-01 9.716794312567000880e-02 -2.148621784554827219e-01
1.079887389658086283e+00 3.801766389144680541e-02 -5.190378679479669410e-02 -3.770090890148868057e-02
9.794454300093954346e-01 6.707808352934718776e-01 7.489829757095778362e-02 -2.375325342980627585e-01
1.075507251449771884e+00 3.437719793504932092e-02 -3.655761620551326030e-02 -3.420666390841885923e-02
9.860352226109806439e-01 6.461318698439485475e-01 5.425905824987808934e-02 -2.585365692538144078e-01
1.072781169608003182e+00 3.107736334562102160e-02 -1.841895940743508778e-02 -3.097976668784991477e-02
9.906537584175293398e-01 6.194792906425466983e-01 3.606090765231884099e-02 -2.771125024603887654e-01
1.071987476777598758e+00 2.809352738691052107e-02 2.557208411028218022e-03 -2.796835660095163545e-02
9.935788821465438847e-01 5.910973306573132913e-01 2.101935985161784703e-02 -2.925320746211684808e-01
1.073405979213848394e+00 2.540578144315007794e-02 2.634801151546852307e-02 -2.513072914356187862e-02
9.951551148455801687e-01 5.613295956811842347e-01 9.725637817661891837e-03 -3.041514308726317450e-01
1.077309846264780990e+00 2.299794501305328295e-02 5.282787520551491395e-02 -2.243500101764984295e-02
9.957798061669295153e-01 5.305785400718824318e-01 2.623383448842331322e-03 -3.114615893026057014e-01
1.083953760114008347e+00 2.085660040176511021e-02 8.172596843443025172e-02 -1.985859600763320576e-02
9.958872198274775212e-01 4.992900894189221117e-01 -9.052662265640609718e-06 -3.141322609735057725e-01
